-2.348825e-08, 0.022254
-2.328825e-08, 0.025033
-2.308825e-08, 0.030565
-2.288825e-08, 0.030981
-2.268825e-08, 0.027702
-2.248825e-08, 0.024561
-2.228825e-08, 0.023393
-2.208825e-08, 0.023088
-2.188825e-08, 0.022282
-2.168825e-08, 0.020531
-2.148825e-08, 0.021059
-2.128825e-08, 0.023699
-2.108825e-08, 0.023254
-2.088825e-08, 0.022532
-2.068825e-08, 0.023393
-2.048825e-08, 0.020725
-2.028825e-08, 0.017501
-2.008825e-08, 0.017723
-1.988825e-08, 0.017306
-1.968825e-08, 0.017584
-1.948825e-08, 0.021142
-1.928825e-08, 0.022615
-1.908825e-08, 0.021392
-1.888825e-08, 0.020558
-1.868825e-08, 0.018835
-1.848825e-08, 0.017140
-1.828825e-08, 0.017418
-1.808825e-08, 0.018085
-1.788825e-08, 0.017612
-1.768825e-08, 0.016862
-1.748825e-08, 0.016139
-1.728825e-08, 0.017556
-1.708825e-08, 0.017445
-1.688825e-08, 0.017779
-1.668825e-08, 0.016139
-1.648825e-08, 0.014082
-1.628825e-08, 0.015055
-1.608825e-08, 0.014666
-1.588825e-08, 0.014527
-1.568825e-08, 0.014138
-1.548825e-08, 0.014277
-1.528825e-08, 0.014694
-1.508825e-08, 0.015666
-1.488825e-08, 0.014527
-1.468825e-08, 0.014360
-1.448825e-08, 0.010830
-1.428825e-08, 0.009996
-1.408825e-08, 0.009579
-1.388825e-08, 0.011080
-1.368825e-08, 0.010969
-1.348825e-08, 0.010858
-1.328825e-08, 0.011775
-1.308825e-08, 0.011997
-1.288825e-08, 0.011052
-1.268825e-08, 0.009829
-1.248825e-08, 0.009023
-1.228825e-08, 0.008162
-1.208825e-08, 0.007495
-1.188825e-08, 0.008662
-1.168825e-08, 0.009190
-1.148825e-08, 0.007800
-1.128825e-08, 0.007300
-1.108825e-08, 0.007523
-1.088825e-08, 0.008634
-1.068825e-08, 0.008829
-1.048825e-08, 0.007161
-1.028825e-08, 0.006327
-1.008825e-08, 0.003464
-9.888250e-09, 0.002964
-9.688250e-09, 0.006716
-9.488250e-09, 0.009774
-9.288250e-09, 0.010663
-9.088250e-09, 0.010413
-8.888250e-09, 0.009579
-8.688250e-09, 0.008356
-8.488250e-09, 0.005438
-8.288250e-09, 0.009829
-8.088250e-09, 0.014694
-7.888250e-09, 0.017612
-7.688250e-09, 0.018196
-7.488250e-09, 0.019863
-7.288250e-09, 0.021225
-7.088250e-09, 0.021420
-6.888250e-09, 0.020558
-6.688250e-09, 0.021559
-6.488250e-09, 0.020614
-6.288250e-09, 0.018668
-6.088250e-09, 0.017668
-5.888250e-09, 0.018557
-5.688250e-09, 0.021698
-5.488250e-09, 0.022504
-5.288250e-09, 0.024505
-5.088250e-09, 0.024088
-4.888250e-09, 0.022309
-4.688250e-09, 0.022921
-4.488250e-09, 0.020725
-4.288250e-09, 0.020558
-4.088250e-09, 0.020114
-3.888250e-09, 0.022170
-3.688250e-09, 0.024005
-3.488250e-09, 0.023727
-3.288250e-09, 0.024616
-3.088250e-09, 0.025506
-2.888250e-09, 0.027424
-2.688250e-09, 0.031343
-2.488250e-09, 0.032177
-2.288250e-09, 0.031926
-2.088250e-09, 0.030981
-1.888250e-09, 0.029397
-1.688250e-09, 0.033066
-1.488250e-09, 0.035540
-1.288250e-09, 0.035734
-1.088250e-09, 0.035123
-8.882500e-10, 0.034817
-6.882500e-10, 0.036846
-4.882500e-10, 0.033844
-2.882500e-10, 0.029175
-8.825000e-11, 0.024922
1.117500e-10, 0.024394
3.117500e-10, 0.028452
5.117500e-10, 0.032621
7.117500e-10, 0.036624
9.117500e-10, 0.035095
1.111750e-09, 0.031398
1.311750e-09, 0.029786
1.511750e-09, 0.027507
1.711750e-09, 0.026173
1.911750e-09, 0.024644
2.111750e-09, 0.027118
2.311750e-09, 0.027090
2.511750e-09, 0.026923
2.711750e-09, 0.030148
2.911750e-09, 0.030203
3.111750e-09, 0.028258
3.311750e-09, 0.027090
3.511750e-09, 0.025200
3.711750e-09, 0.023671
3.911750e-09, 0.022532
4.111750e-09, 0.021170
4.311750e-09, 0.021559
4.511750e-09, 0.023755
4.711750e-09, 0.025645
4.911750e-09, 0.027702
5.111750e-09, 0.026729
5.311750e-09, 0.023783
5.511750e-09, 0.019419
5.711750e-09, 0.016195
5.911750e-09, 0.015500
6.111750e-09, 0.017862
6.311750e-09, 0.019919
6.511750e-09, 0.021781
6.711750e-09, 0.026757
6.911750e-09, 0.032927
7.111750e-09, 0.034067
7.311750e-09, 0.028702
7.511750e-09, 0.026367
7.711750e-09, 0.028258
7.911750e-09, 0.027813
8.111750e-09, 0.028341
8.311750e-09, 0.027896
8.511750e-09, 0.028202
8.711750e-09, 0.028813
8.911750e-09, 0.028758
9.111750e-09, 0.028619
9.311750e-09, 0.028702
9.511750e-09, 0.024533
9.711750e-09, 0.022004
9.911750e-09, 0.021114
1.011175e-08, 0.021198
1.031175e-08, 0.021559
1.051175e-08, 0.023977
1.071175e-08, 0.025089
1.091175e-08, 0.024450
1.111175e-08, 0.022393
1.131175e-08, 0.019419
1.151175e-08, 0.016695
1.171175e-08, 0.015166
1.191175e-08, 0.014944
1.211175e-08, 0.014860
1.231175e-08, 0.014999
1.251175e-08, 0.014999
1.271175e-08, 0.015083
1.291175e-08, 0.014304
1.311175e-08, 0.012998
1.331175e-08, 0.011525
1.351175e-08, 0.010886
1.371175e-08, 0.009274
1.391175e-08, 0.009190
1.411175e-08, 0.009885
1.431175e-08, 0.011108
1.451175e-08, 0.010413
1.471175e-08, 0.008579
1.491175e-08, 0.006939
1.511175e-08, 0.005994
1.531175e-08, 0.004687
1.551175e-08, 0.002658
1.571175e-08, 0.002241
1.591175e-08, 0.001797
1.611175e-08, 0.002519
1.631175e-08, 0.002325
1.651175e-08, 0.002853
1.671175e-08, 0.003048
1.691175e-08, 0.005104
1.711175e-08, 0.006744
1.731175e-08, 0.007300
1.751175e-08, 0.005104
1.771175e-08, 0.004854
1.791175e-08, 0.004965
1.811175e-08, 0.005688
1.831175e-08, 0.007106
1.851175e-08, 0.007050
1.871175e-08, 0.007078
1.891175e-08, 0.006188
1.911175e-08, 0.006939
1.931175e-08, 0.005827
1.951175e-08, 0.005466
1.971175e-08, 0.005577
1.991175e-08, 0.005077
2.011175e-08, 0.006355
2.031175e-08, 0.008329
2.051175e-08, 0.012192
2.071175e-08, 0.014054
2.091175e-08, 0.012665
2.111175e-08, 0.011358
2.131175e-08, 0.010191
2.151175e-08, 0.007523
2.171175e-08, 0.009607
2.191175e-08, 0.014749
2.211175e-08, 0.017779
2.231175e-08, 0.018279
2.251175e-08, 0.020364
2.271175e-08, 0.021948
2.291175e-08, 0.022254
2.311175e-08, 0.022365
2.331175e-08, 0.024060
2.351175e-08, 0.024172
2.371175e-08, 0.021837
2.391175e-08, 0.020475
2.411175e-08, 0.022059
2.431175e-08, 0.020670
2.451175e-08, 0.020892
2.471175e-08, 0.021615
2.491175e-08, 0.021976
2.511175e-08, 0.020697
2.531175e-08, 0.020002
2.551175e-08, 0.018307
2.571175e-08, 0.018085
2.591175e-08, 0.018112
2.611175e-08, 0.020586
2.631175e-08, 0.023477
2.651175e-08, 0.024894
2.671175e-08, 0.026701
2.691175e-08, 0.027146
2.711175e-08, 0.026896
2.731175e-08, 0.027479
2.751175e-08, 0.027924
2.771175e-08, 0.028758
2.791175e-08, 0.028341
2.811175e-08, 0.028007
2.831175e-08, 0.029814
2.851175e-08, 0.030815
2.871175e-08, 0.029619
2.891175e-08, 0.030092
2.911175e-08, 0.030537
2.931175e-08, 0.031065
2.951175e-08, 0.030453
2.971175e-08, 0.030009
2.991175e-08, 0.029786
3.011175e-08, 0.029786
3.031175e-08, 0.029758
3.051175e-08, 0.030731
3.071175e-08, 0.031815
3.091175e-08, 0.031037
3.111175e-08, 0.030092
3.131175e-08, 0.028758
3.151175e-08, 0.027563
3.171175e-08, 0.026534
3.191175e-08, 0.025812
3.211175e-08, 0.026034
3.231175e-08, 0.023894
3.251175e-08, 0.026506
3.271175e-08, 0.025144
3.291175e-08, 0.026451
3.311175e-08, 0.024616
3.331175e-08, 0.024394
3.351175e-08, 0.025144
3.371175e-08, 0.024088
3.391175e-08, 0.022087
3.411175e-08, 0.021892
3.431175e-08, 0.018307
3.451175e-08, 0.021948
3.471175e-08, 0.023727
3.491175e-08, 0.023894
3.511175e-08, 0.025978
3.531175e-08, 0.020336
3.551175e-08, 0.017890
3.571175e-08, 0.016361
3.591175e-08, 0.015027
3.611175e-08, 0.017279
3.631175e-08, 0.018585
3.651175e-08, 0.020808
3.671175e-08, 0.024811
3.691175e-08, 0.029592
3.711175e-08, 0.033010
3.731175e-08, 0.030565
3.751175e-08, 0.026590
3.771175e-08, 0.026979
3.791175e-08, 0.026701
3.811175e-08, 0.024505
3.831175e-08, 0.023310
3.851175e-08, 0.023922
3.871175e-08, 0.025172
3.891175e-08, 0.025144
3.911175e-08, 0.024561
3.931175e-08, 0.024172
3.951175e-08, 0.023227
3.971175e-08, 0.022337
3.991175e-08, 0.021670
4.011175e-08, 0.020864
4.031175e-08, 0.019586
4.051175e-08, 0.020892
4.071175e-08, 0.022393
4.091175e-08, 0.023671
4.111175e-08, 0.022643
4.131175e-08, 0.020086
4.151175e-08, 0.017890
4.171175e-08, 0.016917
4.191175e-08, 0.016723
4.211175e-08, 0.016611
4.231175e-08, 0.016195
4.251175e-08, 0.015388
4.271175e-08, 0.015222
4.291175e-08, 0.014582
4.311175e-08, 0.013359
4.331175e-08, 0.013749
4.351175e-08, 0.013721
4.371175e-08, 0.011859
4.391175e-08, 0.011275
4.411175e-08, 0.010524
4.431175e-08, 0.008551
4.451175e-08, 0.008996
4.471175e-08, 0.010691
4.491175e-08, 0.010413
4.511175e-08, 0.010246
4.531175e-08, 0.011581
4.551175e-08, 0.010330
4.571175e-08, 0.009468
4.591175e-08, 0.008634
4.611175e-08, 0.007272
4.631175e-08, 0.006383
4.651175e-08, 0.006522
4.671175e-08, 0.007634
4.691175e-08, 0.008662
4.711175e-08, 0.009524
4.731175e-08, 0.008940
4.751175e-08, 0.009246
4.771175e-08, 0.007828
4.791175e-08, 0.007106
4.811175e-08, 0.007411
4.831175e-08, 0.009023
4.851175e-08, 0.008356
4.871175e-08, 0.006800
4.891175e-08, 0.005827
4.911175e-08, 0.006994
4.931175e-08, 0.007856
4.951175e-08, 0.007356
4.971175e-08, 0.007828
4.991175e-08, 0.005021
5.011175e-08, 0.004020
5.031175e-08, 0.007884
5.051175e-08, 0.011775
5.071175e-08, 0.013860
5.091175e-08, 0.012275
5.111175e-08, 0.011275
5.131175e-08, 0.010858
5.151175e-08, 0.006883
5.171175e-08, 0.006883
5.191175e-08, 0.012220
5.211175e-08, 0.017028
5.231175e-08, 0.018112
5.251175e-08, 0.018918
5.271175e-08, 0.022365
5.291175e-08, 0.023783
5.311175e-08, 0.021170
5.331175e-08, 0.020586
5.351175e-08, 0.020558
5.371175e-08, 0.019447
5.391175e-08, 0.018418
5.411175e-08, 0.018863
5.431175e-08, 0.021225
5.451175e-08, 0.021337
5.471175e-08, 0.021587
5.491175e-08, 0.021642
5.511175e-08, 0.022254
5.531175e-08, 0.022337
5.551175e-08, 0.020725
5.571175e-08, 0.020114
5.591175e-08, 0.019030
5.611175e-08, 0.021114
5.631175e-08, 0.022532
5.651175e-08, 0.023560
5.671175e-08, 0.025422
5.691175e-08, 0.024422
5.711175e-08, 0.024922
5.731175e-08, 0.026757
5.751175e-08, 0.027729
5.771175e-08, 0.027813
5.791175e-08, 0.026173
5.811175e-08, 0.026340
5.831175e-08, 0.027424
5.851175e-08, 0.029342
5.871175e-08, 0.029508
5.891175e-08, 0.028508
5.911175e-08, 0.028119
5.931175e-08, 0.028480
5.951175e-08, 0.028258
5.971175e-08, 0.027674
5.991175e-08, 0.026757
6.011175e-08, 0.026395
6.031175e-08, 0.027201
6.051175e-08, 0.027535
6.071175e-08, 0.027618
6.091175e-08, 0.028702
6.111175e-08, 0.028202
6.131175e-08, 0.028535
6.151175e-08, 0.026618
6.171175e-08, 0.024728
6.191175e-08, 0.026395
6.211175e-08, 0.026395
6.231175e-08, 0.026757
6.251175e-08, 0.028508
6.271175e-08, 0.029036
6.291175e-08, 0.028925
6.311175e-08, 0.028091
6.331175e-08, 0.027618
6.351175e-08, 0.027090
6.371175e-08, 0.026979
6.391175e-08, 0.025617
6.411175e-08, 0.024839
6.431175e-08, 0.024450
6.451175e-08, 0.025117
6.471175e-08, 0.026006
6.491175e-08, 0.027340
6.511175e-08, 0.027868
6.531175e-08, 0.026423
6.551175e-08, 0.024088
6.571175e-08, 0.019530
6.591175e-08, 0.017140
6.611175e-08, 0.017723
6.631175e-08, 0.020697
6.651175e-08, 0.021920
6.671175e-08, 0.023282
6.691175e-08, 0.026868
6.711175e-08, 0.031871
6.731175e-08, 0.031093
6.751175e-08, 0.025089
6.771175e-08, 0.024394
6.791175e-08, 0.024255
6.811175e-08, 0.024088
6.831175e-08, 0.023199
6.851175e-08, 0.021503
6.871175e-08, 0.022143
6.891175e-08, 0.023671
6.911175e-08, 0.022504
6.931175e-08, 0.023393
6.951175e-08, 0.021698
6.971175e-08, 0.019586
6.991175e-08, 0.018112
7.011175e-08, 0.019391
7.031175e-08, 0.018835
7.051175e-08, 0.019530
7.071175e-08, 0.021253
7.091175e-08, 0.021281
7.111175e-08, 0.020336
7.131175e-08, 0.017501
7.151175e-08, 0.016445
7.171175e-08, 0.015388
7.191175e-08, 0.015583
7.211175e-08, 0.017362
7.231175e-08, 0.017112
7.251175e-08, 0.015778
7.271175e-08, 0.015027
7.291175e-08, 0.016889
7.311175e-08, 0.015917
7.331175e-08, 0.014777
7.351175e-08, 0.014027
7.371175e-08, 0.012720
7.391175e-08, 0.011219
7.411175e-08, 0.011997
7.431175e-08, 0.012109
7.451175e-08, 0.012303
7.471175e-08, 0.013999
7.491175e-08, 0.014304
7.511175e-08, 0.012581
7.531175e-08, 0.013749
7.551175e-08, 0.012248
7.571175e-08, 0.010497
7.591175e-08, 0.010608
7.611175e-08, 0.010107
7.631175e-08, 0.009691
7.651175e-08, 0.009774
7.671175e-08, 0.011108
7.691175e-08, 0.011747
7.711175e-08, 0.012136
7.731175e-08, 0.011970
7.751175e-08, 0.010413
7.771175e-08, 0.009496
7.791175e-08, 0.008940
7.811175e-08, 0.008607
7.831175e-08, 0.009635
7.851175e-08, 0.009635
7.871175e-08, 0.008662
7.891175e-08, 0.007550
7.911175e-08, 0.007606
7.931175e-08, 0.007717
7.951175e-08, 0.006522
7.971175e-08, 0.006967
7.991175e-08, 0.005299
8.011175e-08, 0.003854
8.031175e-08, 0.006522
8.051175e-08, 0.009162
8.071175e-08, 0.011775
8.091175e-08, 0.012025
8.111175e-08, 0.010691
8.131175e-08, 0.009885
8.151175e-08, 0.007550
8.171175e-08, 0.006605
8.191175e-08, 0.009607
8.211175e-08, 0.013915
8.231175e-08, 0.014527
8.251175e-08, 0.015166
8.271175e-08, 0.017723
8.291175e-08, 0.018363
8.311175e-08, 0.016723
8.331175e-08, 0.015472
8.351175e-08, 0.018363
8.371175e-08, 0.017362
8.391175e-08, 0.012887
8.411175e-08, 0.012859
8.431175e-08, 0.014249
8.451175e-08, 0.015472
8.471175e-08, 0.017584
8.491175e-08, 0.019252
8.511175e-08, 0.020114
8.531175e-08, 0.019808
8.551175e-08, 0.018251
8.571175e-08, 0.018779
8.591175e-08, 0.018668
8.611175e-08, 0.019057
8.631175e-08, 0.022587
8.651175e-08, 0.024894
8.671175e-08, 0.025923
8.691175e-08, 0.027729
8.711175e-08, 0.027563
8.731175e-08, 0.029286
8.751175e-08, 0.031232
8.771175e-08, 0.032816
8.791175e-08, 0.032399
8.811175e-08, 0.033622
8.831175e-08, 0.034511
8.851175e-08, 0.035234
8.871175e-08, 0.037346
8.891175e-08, 0.037902
8.911175e-08, 0.037736
8.931175e-08, 0.035957
8.951175e-08, 0.034539
8.971175e-08, 0.034901
8.991175e-08, 0.034067
9.011175e-08, 0.033594
9.031175e-08, 0.032538
9.051175e-08, 0.033594
9.071175e-08, 0.036179
9.091175e-08, 0.035151
9.111175e-08, 0.034289
9.131175e-08, 0.034706
9.151175e-08, 0.033483
9.171175e-08, 0.031315
9.191175e-08, 0.030592
9.211175e-08, 0.030453
9.231175e-08, 0.031426
9.251175e-08, 0.032733
9.271175e-08, 0.033122
9.291175e-08, 0.032093
9.311175e-08, 0.029703
9.331175e-08, 0.030064
9.351175e-08, 0.029342
9.371175e-08, 0.029425
9.391175e-08, 0.028397
9.411175e-08, 0.025923
9.431175e-08, 0.024060
9.451175e-08, 0.024477
9.471175e-08, 0.025645
9.491175e-08, 0.027229
9.511175e-08, 0.028202
9.531175e-08, 0.027340
9.551175e-08, 0.023894
9.571175e-08, 0.020586
9.591175e-08, 0.017445
9.611175e-08, 0.018557
9.631175e-08, 0.019335
9.651175e-08, 0.021225
9.671175e-08, 0.023838
9.691175e-08, 0.026701
9.711175e-08, 0.032343
9.731175e-08, 0.032788
9.751175e-08, 0.026757
9.771175e-08, 0.024199
9.791175e-08, 0.024060
9.811175e-08, 0.022893
9.831175e-08, 0.022448
9.851175e-08, 0.022421
9.871175e-08, 0.023477
9.891175e-08, 0.024033
9.911175e-08, 0.022893
9.931175e-08, 0.024422
9.951175e-08, 0.025367
9.971175e-08, 0.022726
9.991175e-08, 0.020586
1.001117e-07, 0.021309
1.003118e-07, 0.021559
1.005118e-07, 0.021253
1.007118e-07, 0.025117
1.009118e-07, 0.025339
1.011118e-07, 0.023199
1.013118e-07, 0.021503
1.015117e-07, 0.018946
1.017118e-07, 0.018474
1.019117e-07, 0.019169
1.021118e-07, 0.020086
1.023118e-07, 0.019613
1.025118e-07, 0.019252
1.027118e-07, 0.017140
1.029117e-07, 0.016862
1.031118e-07, 0.016778
1.033117e-07, 0.016528
1.035118e-07, 0.015639
1.037118e-07, 0.015472
1.039118e-07, 0.014471
1.041118e-07, 0.013471
1.043117e-07, 0.013415
1.045118e-07, 0.014332
1.047117e-07, 0.014916
1.049118e-07, 0.014527
1.051118e-07, 0.014610
1.053118e-07, 0.014527
1.055118e-07, 0.012248
1.057117e-07, 0.011664
1.059118e-07, 0.010830
1.061117e-07, 0.009857
1.063118e-07, 0.008857
1.065118e-07, 0.010385
1.067118e-07, 0.010330
1.069118e-07, 0.010719
1.071117e-07, 0.012136
1.073118e-07, 0.011191
1.075117e-07, 0.009524
1.077118e-07, 0.007745
1.079118e-07, 0.006883
1.081118e-07, 0.007634
1.083118e-07, 0.009135
1.085118e-07, 0.008829
1.087118e-07, 0.007939
1.089117e-07, 0.006911
1.091118e-07, 0.007328
1.093117e-07, 0.007161
1.095118e-07, 0.007939
1.097118e-07, 0.008051
1.099118e-07, 0.005827
1.101118e-07, 0.003826
1.103117e-07, 0.005521
1.105118e-07, 0.008968
1.107117e-07, 0.011997
1.109118e-07, 0.013109
1.111118e-07, 0.010663
1.113118e-07, 0.009246
1.115118e-07, 0.008023
1.117117e-07, 0.005855
1.119118e-07, 0.008690
1.121117e-07, 0.014443
1.123118e-07, 0.015778
1.125118e-07, 0.015111
1.127118e-07, 0.018196
1.129118e-07, 0.019141
1.131117e-07, 0.018918
1.133118e-07, 0.018196
1.135117e-07, 0.019641
1.137118e-07, 0.019252
1.139118e-07, 0.017668
1.141118e-07, 0.018640
1.143118e-07, 0.020197
1.145118e-07, 0.020753
1.147118e-07, 0.022004
1.149117e-07, 0.025867
1.151118e-07, 0.027785
1.153118e-07, 0.028119
1.155118e-07, 0.028035
1.157118e-07, 0.027563
1.159118e-07, 0.027451
1.161118e-07, 0.029369
1.163117e-07, 0.030731
1.165118e-07, 0.032538
1.167117e-07, 0.035262
1.169118e-07, 0.035373
1.171118e-07, 0.035067
1.173118e-07, 0.036290
1.175118e-07, 0.036930
1.177117e-07, 0.037291
1.179118e-07, 0.036957
1.181117e-07, 0.036401
1.183118e-07, 0.037624
1.185118e-07, 0.038625
1.187118e-07, 0.037930
1.189118e-07, 0.038430
1.191117e-07, 0.039320
1.193118e-07, 0.039209
1.195117e-07, 0.037708
1.197117e-07, 0.037374
1.199118e-07, 0.036707
1.201118e-07, 0.035929
1.203117e-07, 0.034789
1.205118e-07, 0.034678
1.207118e-07, 0.037152
1.209117e-07, 0.036123
1.211117e-07, 0.035651
1.213118e-07, 0.036374
1.215118e-07, 0.035873
1.217117e-07, 0.034928
1.219118e-07, 0.034372
1.221118e-07, 0.034094
1.223117e-07, 0.032983
1.225117e-07, 0.032705
1.227118e-07, 0.034178
1.229118e-07, 0.033650
1.231117e-07, 0.033817
1.233118e-07, 0.034539
1.235118e-07, 0.033650
1.237117e-07, 0.034567
1.239117e-07, 0.032955
1.241118e-07, 0.031899
1.243118e-07, 0.030203
1.245117e-07, 0.030426
1.247118e-07, 0.031621
1.249118e-07, 0.033678
1.251117e-07, 0.034261
1.253117e-07, 0.034595
1.255118e-07, 0.032038
1.257118e-07, 0.027174
1.259117e-07, 0.023310
1.261118e-07, 0.022976
1.263118e-07, 0.024116
1.265117e-07, 0.025589
1.267117e-07, 0.029703
1.269118e-07, 0.031676
1.271118e-07, 0.035401
1.273117e-07, 0.036735
1.275118e-07, 0.032177
1.277118e-07, 0.029397
1.279117e-07, 0.028341
1.281117e-07, 0.026090
1.283118e-07, 0.025951
1.285118e-07, 0.024311
1.287117e-07, 0.023699
1.289118e-07, 0.026284
1.291118e-07, 0.025033
1.293118e-07, 0.025839
1.295117e-07, 0.026896
1.297118e-07, 0.023838
1.299118e-07, 0.022643
1.301117e-07, 0.022726
1.303118e-07, 0.022059
1.305118e-07, 0.021337
1.307118e-07, 0.022838
1.309117e-07, 0.024894
1.311118e-07, 0.025450
1.313118e-07, 0.022754
1.315117e-07, 0.020280
1.317118e-07, 0.019669
1.319118e-07, 0.018807
1.321118e-07, 0.018529
1.323117e-07, 0.019030
1.325118e-07, 0.018112
1.327118e-07, 0.018696
1.329117e-07, 0.019141
1.331118e-07, 0.019224
1.333118e-07, 0.019474
1.335118e-07, 0.016584
1.337117e-07, 0.016500
1.339118e-07, 0.017279
1.341118e-07, 0.016028
1.343117e-07, 0.015639
1.345118e-07, 0.015805
1.347118e-07, 0.015833
1.349118e-07, 0.017112
1.351117e-07, 0.017167
1.353118e-07, 0.016111
1.355118e-07, 0.014110
1.357117e-07, 0.013443
1.359117e-07, 0.012748
1.361118e-07, 0.011358
1.363118e-07, 0.011052
1.365117e-07, 0.012248
1.367118e-07, 0.011164
1.369118e-07, 0.010941
1.371117e-07, 0.012470
1.373117e-07, 0.012220
1.375118e-07, 0.012109
1.377118e-07, 0.011442
1.379117e-07, 0.009162
1.381118e-07, 0.008078
1.383118e-07, 0.010080
1.385117e-07, 0.010497
1.387117e-07, 0.010469
1.389118e-07, 0.009274
1.391118e-07, 0.008523
1.393117e-07, 0.010302
1.395118e-07, 0.009051
1.397118e-07, 0.008468
1.399117e-07, 0.007689
1.401117e-07, 0.005771
1.403118e-07, 0.006355
1.405118e-07, 0.009079
1.407117e-07, 0.011803
1.409118e-07, 0.013137
1.411118e-07, 0.012609
1.413117e-07, 0.011664
1.415117e-07, 0.009774
1.417118e-07, 0.006466
1.419118e-07, 0.007745
1.421117e-07, 0.013498
1.423118e-07, 0.015889
1.425118e-07, 0.017334
1.427118e-07, 0.018224
1.429117e-07, 0.019891
1.431118e-07, 0.019947
1.433118e-07, 0.019836
1.435117e-07, 0.021781
1.437118e-07, 0.021281
1.439118e-07, 0.019196
1.441118e-07, 0.019308
1.443117e-07, 0.020531
1.445118e-07, 0.021920
1.447118e-07, 0.022782
1.449117e-07, 0.025256
1.451118e-07, 0.026701
1.453118e-07, 0.026618
1.455118e-07, 0.026506
1.457117e-07, 0.026117
1.459118e-07, 0.024839
1.461118e-07, 0.025256
1.463117e-07, 0.026423
1.465118e-07, 0.026923
1.467118e-07, 0.030981
1.469118e-07, 0.031148
1.471117e-07, 0.030648
1.473118e-07, 0.031259
1.475118e-07, 0.032482
1.477117e-07, 0.033983
1.479118e-07, 0.034456
1.481118e-07, 0.034150
1.483118e-07, 0.035957
1.485117e-07, 0.037041
1.487118e-07, 0.037041
1.489118e-07, 0.036652
1.491117e-07, 0.036846
1.493118e-07, 0.037708
1.495118e-07, 0.036123
1.497118e-07, 0.035929
1.499117e-07, 0.034845
1.501118e-07, 0.034039
1.503118e-07, 0.034400
1.505117e-07, 0.033094
1.507117e-07, 0.034289
1.509118e-07, 0.034428
1.511118e-07, 0.033955
1.513117e-07, 0.034178
1.515118e-07, 0.033900
1.517118e-07, 0.033483
1.519117e-07, 0.030731
1.521117e-07, 0.030815
1.523118e-07, 0.031676
1.525118e-07, 0.031926
1.527117e-07, 0.031593
1.529118e-07, 0.032149
1.531118e-07, 0.031732
1.533117e-07, 0.031926
1.535117e-07, 0.031176
1.537118e-07, 0.029230
1.539118e-07, 0.028119
1.541117e-07, 0.029342
1.543118e-07, 0.027174
1.545118e-07, 0.025895
1.547117e-07, 0.027952
1.549117e-07, 0.028702
1.551118e-07, 0.029842
1.553118e-07, 0.030036
1.555117e-07, 0.028285
1.557118e-07, 0.024172
1.559118e-07, 0.020836
1.561117e-07, 0.018724
1.563117e-07, 0.020086
1.565118e-07, 0.021420
1.567118e-07, 0.023088
1.569117e-07, 0.025784
1.571118e-07, 0.032065
1.573118e-07, 0.035846
1.575118e-07, 0.029814
1.577117e-07, 0.025951
1.579118e-07, 0.025422
1.581118e-07, 0.023532
1.583117e-07, 0.023227
1.585118e-07, 0.021976
1.587118e-07, 0.021781
1.589118e-07, 0.024505
1.591117e-07, 0.023755
1.593118e-07, 0.022615
1.595118e-07, 0.022615
1.597117e-07, 0.022976
1.599118e-07, 0.019947
1.601118e-07, 0.020808
1.603118e-07, 0.020864
1.605117e-07, 0.019447
1.607118e-07, 0.021337
1.609118e-07, 0.023866
1.611117e-07, 0.023088
1.613118e-07, 0.022087
1.615118e-07, 0.021031
1.617118e-07, 0.019113
1.619117e-07, 0.018085
1.621118e-07, 0.019641
1.623118e-07, 0.019669
1.625117e-07, 0.018363
1.627118e-07, 0.017195
1.629118e-07, 0.019391
1.631118e-07, 0.020531
1.633117e-07, 0.018946
1.635118e-07, 0.017501
1.637118e-07, 0.016806
1.639117e-07, 0.015472
1.641118e-07, 0.015861
1.643118e-07, 0.015500
1.645118e-07, 0.014777
1.647117e-07, 0.013915
1.649118e-07, 0.015194
1.651118e-07, 0.015583
1.653117e-07, 0.016528
1.655117e-07, 0.014777
1.657118e-07, 0.012220
1.659118e-07, 0.011330
1.661117e-07, 0.010636
1.663118e-07, 0.010358
1.665118e-07, 0.010469
1.667117e-07, 0.010219
1.669117e-07, 0.010913
1.671118e-07, 0.012081
1.673118e-07, 0.011303
1.675117e-07, 0.010719
1.677118e-07, 0.010552
1.679118e-07, 0.007967
1.681117e-07, 0.007217
1.683117e-07, 0.009135
1.685118e-07, 0.008801
1.687118e-07, 0.006772
1.689117e-07, 0.007745
1.691118e-07, 0.007161
1.693118e-07, 0.007078
1.695117e-07, 0.007745
1.697117e-07, 0.006883
1.699118e-07, 0.006133
1.701118e-07, 0.004493
1.703117e-07, 0.003631
1.705118e-07, 0.007078
1.707118e-07, 0.011664
1.709118e-07, 0.012192
1.711117e-07, 0.010775
1.713118e-07, 0.009635
1.715118e-07, 0.009385
1.717117e-07, 0.006105
1.719118e-07, 0.007995
1.721118e-07, 0.013554
1.723118e-07, 0.016334
1.725117e-07, 0.017084
1.727118e-07, 0.018474
1.729118e-07, 0.020058
1.731117e-07, 0.020503
1.733118e-07, 0.020336
1.735118e-07, 0.020225
1.737118e-07, 0.020753
1.739117e-07, 0.019697
1.741118e-07, 0.017251
1.743118e-07, 0.018696
1.745117e-07, 0.019224
1.747118e-07, 0.020808
1.749118e-07, 0.022087
1.751118e-07, 0.021392
1.753117e-07, 0.021086
1.755118e-07, 0.021781
1.757118e-07, 0.021003
1.759117e-07, 0.020531
1.761118e-07, 0.020280
1.763118e-07, 0.021337
1.765118e-07, 0.022115
1.767117e-07, 0.024922
1.769118e-07, 0.026729
1.771118e-07, 0.026951
1.773117e-07, 0.026784
1.775118e-07, 0.027312
1.777118e-07, 0.029147
1.779118e-07, 0.029036
1.781117e-07, 0.028730
1.783118e-07, 0.028674
1.785118e-07, 0.029619
1.787117e-07, 0.031704
1.789118e-07, 0.031232
1.791118e-07, 0.031204
1.793118e-07, 0.032038
1.795117e-07, 0.030815
1.797118e-07, 0.029453
1.799118e-07, 0.029286
1.801117e-07, 0.028563
1.803117e-07, 0.029147
1.805118e-07, 0.029147
1.807118e-07, 0.030175
1.809117e-07, 0.030398
1.811118e-07, 0.029647
1.813118e-07, 0.030203
1.815117e-07, 0.027868
1.817117e-07, 0.027451
1.819118e-07, 0.027424
1.821118e-07, 0.027396
1.823117e-07, 0.027257
1.825118e-07, 0.027507
1.827118e-07, 0.028647
1.829117e-07, 0.029564
1.831117e-07, 0.029564
1.833118e-07, 0.028591
1.835118e-07, 0.027174
1.837117e-07, 0.026367
1.839118e-07, 0.026201
1.841118e-07, 0.025534
1.843117e-07, 0.023783
1.845117e-07, 0.022560
1.847118e-07, 0.023477
1.849118e-07, 0.024950
1.851117e-07, 0.025784
1.853118e-07, 0.027674
1.855118e-07, 0.026979
1.857118e-07, 0.022282
1.859117e-07, 0.017973
1.861118e-07, 0.017834
1.863118e-07, 0.017056
1.865117e-07, 0.019586
1.867118e-07, 0.022615
1.869118e-07, 0.023282
1.871118e-07, 0.026228
1.873117e-07, 0.031065
1.875118e-07, 0.027340
1.877118e-07, 0.025006
1.879117e-07, 0.024283
1.881118e-07, 0.022921
1.883118e-07, 0.021059
1.885118e-07, 0.019474
1.887117e-07, 0.019919
1.889118e-07, 0.021976
1.891118e-07, 0.023421
1.893117e-07, 0.023032
1.895118e-07, 0.022254
1.897118e-07, 0.021309
1.899118e-07, 0.018863
1.901117e-07, 0.017195
1.903118e-07, 0.016917
1.905118e-07, 0.017195
1.907117e-07, 0.019308
1.909118e-07, 0.021698
1.911118e-07, 0.021198
1.913118e-07, 0.019224
1.915117e-07, 0.017418
1.917118e-07, 0.016111
1.919118e-07, 0.015333
1.921117e-07, 0.016111
1.923118e-07, 0.016417
1.925118e-07, 0.016556
1.927118e-07, 0.016778
1.929117e-07, 0.017084
1.931118e-07, 0.016917
1.933118e-07, 0.016806
1.935117e-07, 0.015972
1.937118e-07, 0.014888
1.939118e-07, 0.013526
1.941118e-07, 0.014082
1.943117e-07, 0.015138
1.945118e-07, 0.012637
1.947118e-07, 0.014805
1.949117e-07, 0.015250
1.951118e-07, 0.014721
1.953118e-07, 0.015444
1.955118e-07, 0.014610
1.957117e-07, 0.013304
1.959118e-07, 0.013054
1.961118e-07, 0.011553
1.963117e-07, 0.010663
1.965117e-07, 0.010441
1.967118e-07, 0.009941
1.969118e-07, 0.009524
1.971117e-07, 0.010691
1.973118e-07, 0.011219
1.975118e-07, 0.010802
1.977117e-07, 0.009496
1.979117e-07, 0.007550
1.981118e-07, 0.006716
1.983118e-07, 0.008023
1.985117e-07, 0.007856
1.987118e-07, 0.007495
1.989118e-07, 0.006911
1.991118e-07, 0.007773
1.993117e-07, 0.007939
1.995118e-07, 0.006300
1.997118e-07, 0.006689
1.999117e-07, 0.006272
2.001118e-07, 0.004243
2.003118e-07, 0.003409
2.005118e-07, 0.004771
2.007117e-07, 0.008523
2.009118e-07, 0.011692
2.011118e-07, 0.009385
2.013117e-07, 0.009413
2.015118e-07, 0.009440
2.017118e-07, 0.006883
2.019118e-07, 0.006466
2.021117e-07, 0.010524
2.023118e-07, 0.013582
2.025118e-07, 0.015527
2.027117e-07, 0.016973
2.029118e-07, 0.018724
2.031118e-07, 0.019947
2.033118e-07, 0.018085
2.035117e-07, 0.016973
2.037118e-07, 0.018001
2.039118e-07, 0.017084
2.041117e-07, 0.014666
2.043118e-07, 0.015055
2.045118e-07, 0.016695
2.047118e-07, 0.017390
2.049117e-07, 0.018779
2.051118e-07, 0.019280
2.053118e-07, 0.019586
2.055117e-07, 0.018640
2.057118e-07, 0.017418
2.059118e-07, 0.017640
2.061118e-07, 0.018251
2.063117e-07, 0.018502
2.065118e-07, 0.020781
2.067118e-07, 0.021198
2.069117e-07, 0.023115
2.071118e-07, 0.024366
2.073118e-07, 0.025006
2.075118e-07, 0.025951
2.077117e-07, 0.027980
2.079118e-07, 0.027007
2.081118e-07, 0.026534
2.083117e-07, 0.027479
2.085118e-07, 0.028841
2.087118e-07, 0.030120
2.089118e-07, 0.030453
2.091117e-07, 0.030175
2.093118e-07, 0.031093
2.095118e-07, 0.030815
2.097117e-07, 0.030870
2.099118e-07, 0.030537
2.101118e-07, 0.029786
2.103118e-07, 0.028674
2.105117e-07, 0.027924
2.107118e-07, 0.028258
2.109118e-07, 0.030426
2.111117e-07, 0.031593
2.113117e-07, 0.031760
2.115118e-07, 0.029147
2.117118e-07, 0.028119
2.119117e-07, 0.028980
2.121118e-07, 0.027729
2.123118e-07, 0.027090
2.125117e-07, 0.028369
2.127117e-07, 0.027674
2.129118e-07, 0.027285
2.131118e-07, 0.027757
2.133117e-07, 0.028563
2.135118e-07, 0.028174
2.137118e-07, 0.027007
2.139118e-07, 0.025923
2.141117e-07, 0.026340
2.143118e-07, 0.024144
2.145118e-07, 0.023088
2.147117e-07, 0.024033
2.149118e-07, 0.025228
2.151118e-07, 0.027201
2.153117e-07, 0.027062
2.155117e-07, 0.026951
2.157118e-07, 0.025089
2.159117e-07, 0.019474
2.161117e-07, 0.017140
2.163118e-07, 0.018224
2.165118e-07, 0.018863
2.167117e-07, 0.020864
2.169117e-07, 0.024033
2.171118e-07, 0.028369
2.173117e-07, 0.033010
2.175117e-07, 0.030398
2.177118e-07, 0.027201
2.179118e-07, 0.024978
2.181117e-07, 0.023199
2.183117e-07, 0.022365
2.185118e-07, 0.020475
2.187117e-07, 0.018918
2.189117e-07, 0.021392
2.191118e-07, 0.022726
2.193118e-07, 0.022115
2.195117e-07, 0.022643
2.197117e-07, 0.023393
2.199118e-07, 0.020030
2.201117e-07, 0.017807
2.203117e-07, 0.018168
2.205118e-07, 0.016500
2.207118e-07, 0.017918
2.209117e-07, 0.019085
2.211117e-07, 0.021170
2.213118e-07, 0.020725
2.215117e-07, 0.018335
2.217117e-07, 0.016778
2.219118e-07, 0.016639
2.221118e-07, 0.016806
2.223117e-07, 0.017112
2.225117e-07, 0.017723
2.227118e-07, 0.016639
2.229117e-07, 0.017723
2.231117e-07, 0.017779
2.233118e-07, 0.017112
2.235118e-07, 0.015833
2.237117e-07, 0.015722
2.239117e-07, 0.014054
2.241118e-07, 0.014916
2.243118e-07, 0.014582
2.245117e-07, 0.012831
2.247118e-07, 0.012526
2.249118e-07, 0.013776
2.251117e-07, 0.014527
2.253117e-07, 0.016306
2.255118e-07, 0.015500
2.257118e-07, 0.012498
2.259117e-07, 0.010524
2.261117e-07, 0.011581
2.263118e-07, 0.011581
2.265117e-07, 0.010497
2.267117e-07, 0.010135
2.269118e-07, 0.011108
2.271118e-07, 0.010830
2.273117e-07, 0.010719
2.275117e-07, 0.009691
2.277118e-07, 0.009274
2.279117e-07, 0.008273
2.281117e-07, 0.007912
2.283118e-07, 0.007884
2.285118e-07, 0.008495
2.287117e-07, 0.007912
2.289117e-07, 0.007550
2.291118e-07, 0.009079
2.293117e-07, 0.009496
2.295117e-07, 0.007411
2.297118e-07, 0.006939
2.299118e-07, 0.006522
2.301117e-07, 0.004882
2.303117e-07, 0.003631
2.305118e-07, 0.004882
2.307117e-07, 0.009413
2.309117e-07, 0.012025
2.311118e-07, 0.011414
2.313118e-07, 0.009301
2.315117e-07, 0.008190
2.317117e-07, 0.006716
2.319118e-07, 0.005104
2.321117e-07, 0.008773
2.323117e-07, 0.013582
2.325118e-07, 0.014388
2.327118e-07, 0.014721
2.329117e-07, 0.017918
2.331117e-07, 0.019502
2.333118e-07, 0.018001
2.335117e-07, 0.017390
2.337117e-07, 0.019085
2.339118e-07, 0.016723
2.341118e-07, 0.014749
2.343117e-07, 0.015889
2.345117e-07, 0.016778
2.347118e-07, 0.017390
2.349117e-07, 0.017723
2.351117e-07, 0.019780
2.353118e-07, 0.019613
2.355118e-07, 0.020725
2.357117e-07, 0.020808
2.359117e-07, 0.018863
2.361118e-07, 0.018752
2.363117e-07, 0.019669
2.365117e-07, 0.022059
2.367118e-07, 0.023282
2.369118e-07, 0.025200
2.371117e-07, 0.026062
2.373117e-07, 0.027729
2.375118e-07, 0.027646
2.377117e-07, 0.029036
2.379117e-07, 0.028341
2.381118e-07, 0.028369
2.383118e-07, 0.028980
2.385117e-07, 0.030731
2.387117e-07, 0.031482
2.389118e-07, 0.031093
2.391118e-07, 0.032510
2.393117e-07, 0.032038
2.395118e-07, 0.029703
2.397118e-07, 0.031649
2.399117e-07, 0.030453
2.401117e-07, 0.029981
2.403118e-07, 0.029230
2.405118e-07, 0.029981
2.407117e-07, 0.029675
2.409117e-07, 0.029453
2.411118e-07, 0.030398
2.413117e-07, 0.031537
2.415117e-07, 0.030926
2.417118e-07, 0.030731
2.419118e-07, 0.027785
2.421117e-07, 0.026201
2.423117e-07, 0.026812
2.425118e-07, 0.027007
2.427117e-07, 0.027674
2.429117e-07, 0.027507
2.431118e-07, 0.026729
2.433118e-07, 0.027229
2.435117e-07, 0.026006
2.437117e-07, 0.026117
2.439118e-07, 0.027062
2.441117e-07, 0.025283
2.443117e-07, 0.023699
2.445118e-07, 0.021809
2.447118e-07, 0.021726
2.449117e-07, 0.023449
2.451117e-07, 0.025367
2.453118e-07, 0.026090
2.455117e-07, 0.024033
2.457117e-07, 0.022087
2.459118e-07, 0.019558
2.461118e-07, 0.015833
2.463117e-07, 0.015833
2.465117e-07, 0.016889
2.467118e-07, 0.018418
2.469117e-07, 0.021754
2.471117e-07, 0.026090
2.473118e-07, 0.030565
2.475118e-07, 0.029758
2.477117e-07, 0.025172
2.479117e-07, 0.023115
2.481118e-07, 0.022699
2.483117e-07, 0.022560
2.485117e-07, 0.020753
2.487118e-07, 0.018974
2.489118e-07, 0.020975
2.491117e-07, 0.022615
2.493117e-07, 0.021253
2.495118e-07, 0.021031
2.497117e-07, 0.022504
2.499117e-07, 0.019030
2.501118e-07, 0.016973
2.503118e-07, 0.019502
2.505117e-07, 0.017362
2.507117e-07, 0.017306
2.509118e-07, 0.020336
2.511117e-07, 0.021337
2.513117e-07, 0.021364
2.515118e-07, 0.019085
2.517118e-07, 0.017584
2.519117e-07, 0.017167
2.521117e-07, 0.015138
2.523118e-07, 0.016222
2.525118e-07, 0.017195
2.527117e-07, 0.016806
2.529118e-07, 0.016306
2.531118e-07, 0.016250
2.533117e-07, 0.016584
2.535117e-07, 0.014582
2.537118e-07, 0.013804
2.539118e-07, 0.012637
2.541117e-07, 0.011636
2.543118e-07, 0.012136
2.545118e-07, 0.012526
2.547117e-07, 0.011664
2.549117e-07, 0.013359
2.551118e-07, 0.014138
2.553118e-07, 0.014833
2.555117e-07, 0.014110
2.557118e-07, 0.012831
2.559118e-07, 0.011358
2.561117e-07, 0.010330
2.563117e-07, 0.009663
2.565118e-07, 0.009190
2.567118e-07, 0.009663
2.569117e-07, 0.010830
2.571117e-07, 0.010802
2.573118e-07, 0.011275
2.575117e-07, 0.010358
2.577117e-07, 0.008523
2.579118e-07, 0.007912
2.581118e-07, 0.008190
2.583117e-07, 0.008468
2.585117e-07, 0.008857
2.587118e-07, 0.007689
2.589117e-07, 0.005382
2.591117e-07, 0.006466
2.593118e-07, 0.006716
2.595118e-07, 0.007300
2.597117e-07, 0.007161
2.599117e-07, 0.005910
2.601118e-07, 0.005577
2.603117e-07, 0.003520
2.605117e-07, 0.005493
2.607118e-07, 0.008523
2.609118e-07, 0.010413
2.611117e-07, 0.009468
2.613117e-07, 0.009190
2.615118e-07, 0.009135
2.617117e-07, 0.007800
2.619117e-07, 0.006633
2.621118e-07, 0.009162
2.623118e-07, 0.012998
2.625117e-07, 0.014777
2.627117e-07, 0.016000
2.629118e-07, 0.017668
2.631117e-07, 0.019141
2.633117e-07, 0.018557
2.635118e-07, 0.015972
2.637118e-07, 0.018418
2.639117e-07, 0.018279
2.641117e-07, 0.014471
2.643118e-07, 0.015333
2.645117e-07, 0.015277
2.647117e-07, 0.014332
2.649118e-07, 0.016750
2.651118e-07, 0.018974
2.653117e-07, 0.018807
2.655117e-07, 0.017529
2.657118e-07, 0.017973
2.659117e-07, 0.017418
2.661117e-07, 0.017167
2.663118e-07, 0.016417
2.665118e-07, 0.019252
2.667117e-07, 0.020670
2.669117e-07, 0.021865
2.671118e-07, 0.023393
2.673118e-07, 0.024366
2.675117e-07, 0.024450
2.677118e-07, 0.025673
2.679118e-07, 0.026534
2.681117e-07, 0.027007
2.683117e-07, 0.026757
2.685118e-07, 0.027340
2.687118e-07, 0.028786
2.689117e-07, 0.029814
2.691118e-07, 0.029925
2.693118e-07, 0.030648
2.695117e-07, 0.031148
2.697117e-07, 0.030592
2.699118e-07, 0.028563
2.701118e-07, 0.029453
2.703117e-07, 0.029286
2.705118e-07, 0.028091
2.707118e-07, 0.028146
2.709117e-07, 0.027924
2.711117e-07, 0.029258
2.713118e-07, 0.029842
2.715118e-07, 0.028369
2.717117e-07, 0.027590
2.719117e-07, 0.027896
2.721118e-07, 0.027340
2.723117e-07, 0.027312
2.725117e-07, 0.027479
2.727118e-07, 0.026590
2.729118e-07, 0.027396
2.731117e-07, 0.027980
2.733117e-07, 0.028035
2.735118e-07, 0.028119
2.737117e-07, 0.027396
2.739117e-07, 0.025867
2.741118e-07, 0.025923
2.743118e-07, 0.024978
2.745117e-07, 0.023310
2.747117e-07, 0.023755
2.749118e-07, 0.025756
2.751117e-07, 0.025700
2.753117e-07, 0.027118
2.755118e-07, 0.027285
2.757118e-07, 0.026117
2.759117e-07, 0.021281
2.761117e-07, 0.017028
2.763118e-07, 0.016917
2.765117e-07, 0.018696
2.767117e-07, 0.020030
2.769118e-07, 0.022198
2.771118e-07, 0.026173
2.773117e-07, 0.031760
2.775117e-07, 0.031926
2.777118e-07, 0.025367
2.779117e-07, 0.022726
2.781117e-07, 0.024033
2.783118e-07, 0.022726
2.785118e-07, 0.021364
2.787117e-07, 0.020002
2.789117e-07, 0.019863
2.791118e-07, 0.023922
2.793117e-07, 0.023366
2.795117e-07, 0.022921
2.797118e-07, 0.023644
2.799118e-07, 0.020225
2.801117e-07, 0.016917
2.803117e-07, 0.017140
2.805118e-07, 0.017501
2.807118e-07, 0.018001
2.809117e-07, 0.020197
2.811118e-07, 0.021031
2.813118e-07, 0.020558
2.815117e-07, 0.019975
2.817117e-07, 0.018529
2.819118e-07, 0.017195
2.821118e-07, 0.016584
2.823117e-07, 0.016750
2.825118e-07, 0.017612
2.827118e-07, 0.016973
2.829117e-07, 0.016167
2.831117e-07, 0.016611
2.833118e-07, 0.017112
2.835118e-07, 0.016361
2.837117e-07, 0.016139
2.839118e-07, 0.014471
2.841118e-07, 0.014694
2.843117e-07, 0.014666
2.845117e-07, 0.013359
2.847118e-07, 0.013359
2.849118e-07, 0.012053
2.851117e-07, 0.013999
2.853118e-07, 0.016222
2.855118e-07, 0.016195
2.857117e-07, 0.014582
2.859117e-07, 0.012387
2.861118e-07, 0.010469
2.863118e-07, 0.010107
2.865117e-07, 0.009691
2.867117e-07, 0.010413
2.869118e-07, 0.011247
2.871117e-07, 0.011191
2.873117e-07, 0.011219
2.875118e-07, 0.010663
2.877118e-07, 0.010135
2.879117e-07, 0.009107
2.881117e-07, 0.007745
2.883118e-07, 0.008134
2.885117e-07, 0.007939
2.887117e-07, 0.008412
2.889118e-07, 0.006994
2.891118e-07, 0.005827
2.893117e-07, 0.006855
2.895117e-07, 0.006522
2.897118e-07, 0.007689
2.899117e-07, 0.006161
2.901117e-07, 0.004354
2.903118e-07, 0.004548
2.905118e-07, 0.004132
2.907117e-07, 0.006216
2.909117e-07, 0.010663
2.911118e-07, 0.011942
2.913117e-07, 0.009774
2.915117e-07, 0.008829
2.917118e-07, 0.007467
2.919118e-07, 0.005716
2.921117e-07, 0.007689
2.923117e-07, 0.012387
2.925118e-07, 0.014749
2.927117e-07, 0.016306
2.929117e-07, 0.016917
2.931118e-07, 0.017584
2.933118e-07, 0.017918
2.935117e-07, 0.017001
2.937117e-07, 0.018696
2.939118e-07, 0.018502
2.941117e-07, 0.017056
2.943117e-07, 0.015333
2.945118e-07, 0.014833
2.947118e-07, 0.017362
2.949117e-07, 0.018224
2.951117e-07, 0.019891
2.953118e-07, 0.020141
2.955118e-07, 0.020141
2.957117e-07, 0.019863
2.959118e-07, 0.018613
2.961118e-07, 0.018140
2.963117e-07, 0.018974
2.965117e-07, 0.020586
2.967118e-07, 0.023644
2.969118e-07, 0.024783
2.971117e-07, 0.024561
2.973118e-07, 0.024894
2.975118e-07, 0.025200
2.977117e-07, 0.025867
2.979117e-07, 0.026923
2.981118e-07, 0.028397
2.983118e-07, 0.028091
2.985117e-07, 0.029508
2.987118e-07, 0.030620
2.989118e-07, 0.031065
2.991117e-07, 0.031398
2.993117e-07, 0.032093
2.995118e-07, 0.031704
2.997118e-07, 0.031371
2.999117e-07, 0.031537
3.001118e-07, 0.029592
3.003118e-07, 0.029453
3.005117e-07, 0.027396
3.007117e-07, 0.028174
3.009118e-07, 0.029453
3.011118e-07, 0.028702
3.013117e-07, 0.029592
3.015117e-07, 0.029925
3.017118e-07, 0.028480
3.019117e-07, 0.028063
3.021117e-07, 0.027980
3.023118e-07, 0.026757
3.025118e-07, 0.026673
3.027117e-07, 0.027590
3.029117e-07, 0.027952
3.031118e-07, 0.027785
3.033117e-07, 0.027563
3.035117e-07, 0.027007
3.037118e-07, 0.026757
3.039118e-07, 0.025144
3.041117e-07, 0.024755
3.043117e-07, 0.024672
3.045118e-07, 0.023115
3.047117e-07, 0.022282
3.049117e-07, 0.023671
3.051118e-07, 0.024922
3.053118e-07, 0.026757
3.055117e-07, 0.025506
3.057117e-07, 0.023199
3.059118e-07, 0.020697
3.061117e-07, 0.018224
3.063117e-07, 0.016834
3.065118e-07, 0.017501
3.067118e-07, 0.018724
3.069117e-07, 0.020975
3.071117e-07, 0.024561
3.073118e-07, 0.028619
3.075117e-07, 0.030926
3.077117e-07, 0.026423
3.079118e-07, 0.023004
3.081118e-07, 0.023671
3.083117e-07, 0.023032
3.085117e-07, 0.021448
3.087118e-07, 0.018835
3.089118e-07, 0.020725
3.091117e-07, 0.021837
3.093118e-07, 0.021781
3.095118e-07, 0.021392
3.097117e-07, 0.021892
3.099117e-07, 0.020558
3.101118e-07, 0.018335
3.103118e-07, 0.017167
3.105117e-07, 0.015944
3.107118e-07, 0.016250
3.109118e-07, 0.018363
3.111117e-07, 0.020447
3.113117e-07, 0.019975
3.115118e-07, 0.017946
3.117118e-07, 0.017306
3.119117e-07, 0.015500
3.121118e-07, 0.014527
3.123118e-07, 0.015250
3.125117e-07, 0.016417
3.127117e-07, 0.016584
3.129118e-07, 0.016167
3.131118e-07, 0.016500
3.133117e-07, 0.017167
3.135118e-07, 0.015861
3.137118e-07, 0.014777
3.139117e-07, 0.015361
3.141117e-07, 0.013860
3.143118e-07, 0.013109
3.145118e-07, 0.012414
3.147117e-07, 0.012692
3.149118e-07, 0.013749
3.151118e-07, 0.013888
3.153117e-07, 0.014360
3.155117e-07, 0.014666
3.157118e-07, 0.014638
3.159118e-07, 0.011247
3.161117e-07, 0.009746
3.163118e-07, 0.009718
3.165118e-07, 0.009301
3.167117e-07, 0.010469
3.169117e-07, 0.008829
3.171118e-07, 0.008384
3.173118e-07, 0.010219
3.175117e-07, 0.009552
3.177117e-07, 0.008440
3.179118e-07, 0.007634
3.181117e-07, 0.006883
3.183117e-07, 0.006411
3.185118e-07, 0.007133
3.187118e-07, 0.008190
3.189117e-07, 0.006161
3.191117e-07, 0.005493
3.193118e-07, 0.005827
3.195117e-07, 0.005938
3.197117e-07, 0.006883
3.199118e-07, 0.007133
3.201118e-07, 0.005243
3.203117e-07, 0.003492
3.205117e-07, 0.003854
3.207118e-07, 0.005605
3.209117e-07, 0.009524
3.211117e-07, 0.010858
3.213118e-07, 0.010830
3.215118e-07, 0.009301
3.217117e-07, 0.006800
3.219117e-07, 0.003798
3.221118e-07, 0.005271
3.223117e-07, 0.010080
3.225117e-07, 0.012609
3.227118e-07, 0.015166
3.229118e-07, 0.015805
3.231117e-07, 0.016750
3.233117e-07, 0.017612
3.235118e-07, 0.016862
3.237118e-07, 0.017473
3.239117e-07, 0.018112
3.241118e-07, 0.016639
3.243118e-07, 0.016500
3.245117e-07, 0.016500
3.247117e-07, 0.017390
3.249118e-07, 0.017612
3.251118e-07, 0.020280
3.253117e-07, 0.021976
3.255118e-07, 0.021253
3.257118e-07, 0.021948
3.259117e-07, 0.022838
3.261117e-07, 0.021892
3.263118e-07, 0.023449
3.265118e-07, 0.024978
3.267117e-07, 0.026784
3.269118e-07, 0.029230
3.271118e-07, 0.030703
3.273117e-07, 0.029647
3.275117e-07, 0.030148
3.277118e-07, 0.031315
3.279118e-07, 0.032149
3.281117e-07, 0.032065
3.283118e-07, 0.032733
3.285118e-07, 0.032927
3.287117e-07, 0.032983
3.289117e-07, 0.033955
3.291118e-07, 0.034289
3.293118e-07, 0.033733
3.295117e-07, 0.034901
3.297118e-07, 0.034317
3.299118e-07, 0.033122
3.301117e-07, 0.033539
3.303117e-07, 0.032204
3.305118e-07, 0.032232
3.307118e-07, 0.032538
3.309117e-07, 0.034539
3.311118e-07, 0.034067
3.313118e-07, 0.032371
3.315117e-07, 0.033122
3.317117e-07, 0.032733
3.319118e-07, 0.032649
3.321118e-07, 0.032733
3.323117e-07, 0.031315
3.325117e-07, 0.031287
3.327118e-07, 0.031899
3.329117e-07, 0.032788
3.331117e-07, 0.032899
3.333118e-07, 0.032649
3.335118e-07, 0.032149
3.337117e-07, 0.032177
3.339117e-07, 0.031398
3.341118e-07, 0.030481
3.343117e-07, 0.029314
3.345117e-07, 0.027451
3.347118e-07, 0.027146
3.349118e-07, 0.028980
3.351117e-07, 0.029814
3.353117e-07, 0.031454
3.355118e-07, 0.032455
3.357117e-07, 0.030509
3.359117e-07, 0.027285
3.361118e-07, 0.022838
3.363118e-07, 0.020280
3.365117e-07, 0.020141
3.367117e-07, 0.022976
3.369118e-07, 0.026145
3.371118e-07, 0.028341
3.373117e-07, 0.032899
3.375118e-07, 0.035846
3.377118e-07, 0.031426
3.379117e-07, 0.027285
3.381117e-07, 0.026923
3.383118e-07, 0.026618
3.385118e-07, 0.024644
3.387117e-07, 0.023449
3.389118e-07, 0.022143
3.391118e-07, 0.024728
3.393117e-07, 0.026284
3.395117e-07, 0.024894
3.397118e-07, 0.026618
3.399118e-07, 0.023949
3.401117e-07, 0.021142
3.403118e-07, 0.020280
3.405118e-07, 0.020586
3.407117e-07, 0.019586
3.409117e-07, 0.021114
3.411118e-07, 0.024616
3.413118e-07, 0.024144
3.415117e-07, 0.021448
3.417118e-07, 0.019586
3.419118e-07, 0.018891
3.421117e-07, 0.018418
3.423117e-07, 0.018390
3.425118e-07, 0.019808
3.427118e-07, 0.018946
3.429117e-07, 0.016945
3.431118e-07, 0.019085
3.433118e-07, 0.020030
3.435117e-07, 0.018363
3.437117e-07, 0.017223
3.439118e-07, 0.015861
3.441118e-07, 0.015750
3.443117e-07, 0.015889
3.445118e-07, 0.015222
3.447118e-07, 0.015500
3.449117e-07, 0.015611
3.451117e-07, 0.016139
3.453118e-07, 0.016195
3.455118e-07, 0.016250
3.457117e-07, 0.015722
3.459118e-07, 0.014666
3.461118e-07, 0.013943
3.463117e-07, 0.012915
3.465117e-07, 0.011358
3.467118e-07, 0.011442
3.469118e-07, 0.011025
3.471117e-07, 0.012220
3.473117e-07, 0.013832
3.475118e-07, 0.012609
3.477117e-07, 0.010886
3.479117e-07, 0.009190
3.481118e-07, 0.009635
3.483118e-07, 0.010497
3.485117e-07, 0.009968
3.487117e-07, 0.009552
3.489118e-07, 0.009274
3.491117e-07, 0.007773
3.493117e-07, 0.008301
3.495118e-07, 0.007884
3.497118e-07, 0.009301
3.499117e-07, 0.008996
3.501117e-07, 0.007689
3.503118e-07, 0.005855
3.505117e-07, 0.004548
3.507117e-07, 0.007133
3.509118e-07, 0.011080
3.511118e-07, 0.014138
3.513117e-07, 0.012526
3.515117e-07, 0.011303
3.517118e-07, 0.010497
3.519118e-07, 0.005577
3.521117e-07, 0.006883
3.523118e-07, 0.011831
3.525118e-07, 0.013387
3.527117e-07, 0.014360
3.529117e-07, 0.016778
3.531118e-07, 0.017834
3.533118e-07, 0.018807
3.535117e-07, 0.017556
3.537118e-07, 0.018474
3.539118e-07, 0.019613
3.541117e-07, 0.020697
3.543117e-07, 0.019641
3.545118e-07, 0.019808
3.547118e-07, 0.022031
3.549117e-07, 0.023838
3.551118e-07, 0.026090
3.553118e-07, 0.028508
3.555117e-07, 0.025951
3.557117e-07, 0.026117
3.559118e-07, 0.026090
3.561118e-07, 0.025812
3.563117e-07, 0.025978
3.565118e-07, 0.026923
3.567118e-07, 0.028952
3.569117e-07, 0.031426
3.571117e-07, 0.031787
3.573118e-07, 0.033594
3.575118e-07, 0.034456
3.577117e-07, 0.033177
3.579118e-07, 0.033511
3.581118e-07, 0.034650
3.583117e-07, 0.034456
3.585117e-07, 0.033789
3.587118e-07, 0.035429
3.589118e-07, 0.036262
3.591117e-07, 0.036540
3.593118e-07, 0.036707
3.595118e-07, 0.036096
3.597117e-07, 0.036707
3.599117e-07, 0.035234
3.601118e-07, 0.035484
3.603118e-07, 0.034011
3.605117e-07, 0.033400
3.607118e-07, 0.031954
3.609118e-07, 0.033427
3.611117e-07, 0.033372
3.613117e-07, 0.036040
3.615118e-07, 0.035568
3.617118e-07, 0.033872
3.619117e-07, 0.033483
3.621117e-07, 0.032760
3.623118e-07, 0.030842
3.625117e-07, 0.029758
3.627117e-07, 0.030009
3.629118e-07, 0.030981
3.631118e-07, 0.032343
3.633117e-07, 0.030759
3.635117e-07, 0.029119
3.637118e-07, 0.029314
3.639117e-07, 0.029619
3.641117e-07, 0.028369
3.643118e-07, 0.028146
3.645118e-07, 0.026729
3.647117e-07, 0.024894
3.649117e-07, 0.026312
3.651118e-07, 0.027118
3.653118e-07, 0.029481
3.655117e-07, 0.028869
3.657118e-07, 0.027201
3.659118e-07, 0.024450
3.661117e-07, 0.021114
3.663117e-07, 0.019391
3.665118e-07, 0.020197
3.667118e-07, 0.018863
3.669117e-07, 0.021086
3.671118e-07, 0.025144
3.673118e-07, 0.028035
3.675117e-07, 0.032871
3.677117e-07, 0.030314
3.679118e-07, 0.024839
3.681118e-07, 0.023616
3.683117e-07, 0.024311
3.685118e-07, 0.022337
3.687118e-07, 0.021754
3.689117e-07, 0.021948
3.691117e-07, 0.021698
3.693118e-07, 0.023505
3.695118e-07, 0.023671
3.697117e-07, 0.024033
3.699118e-07, 0.023532
3.701118e-07, 0.019863
3.703117e-07, 0.019669
3.705117e-07, 0.019836
3.707118e-07, 0.019724
3.709118e-07, 0.019280
3.711117e-07, 0.021920
3.713118e-07, 0.023282
3.715118e-07, 0.022226
3.717117e-07, 0.019613
3.719117e-07, 0.017056
3.721118e-07, 0.017279
3.723118e-07, 0.017306
3.725117e-07, 0.017946
3.727118e-07, 0.017501
3.729118e-07, 0.017973
3.731117e-07, 0.017946
3.733117e-07, 0.018557
3.735118e-07, 0.017529
3.737118e-07, 0.015861
3.739117e-07, 0.016417
3.741118e-07, 0.015861
3.743118e-07, 0.014666
3.745117e-07, 0.013888
3.747117e-07, 0.013526
3.749118e-07, 0.012720
3.751118e-07, 0.013193
3.753117e-07, 0.015083
3.755118e-07, 0.015305
3.757118e-07, 0.015444
3.759117e-07, 0.013582
3.761117e-07, 0.012081
3.763118e-07, 0.010997
3.765118e-07, 0.009357
3.767117e-07, 0.009524
3.769118e-07, 0.010052
3.771118e-07, 0.009746
3.773117e-07, 0.011442
3.775117e-07, 0.011942
3.777118e-07, 0.009635
3.779118e-07, 0.009413
3.781117e-07, 0.007217
3.783117e-07, 0.006439
3.785118e-07, 0.007467
3.787117e-07, 0.008773
3.789117e-07, 0.008245
3.791118e-07, 0.007022
3.793118e-07, 0.006744
3.795117e-07, 0.006633
3.797117e-07, 0.008078
3.799118e-07, 0.006772
3.801118e-07, 0.007384
3.803117e-07, 0.005160
3.805118e-07, 0.004187
3.807118e-07, 0.005355
3.809117e-07, 0.008523
3.811117e-07, 0.012136
3.813118e-07, 0.012053
3.815118e-07, 0.010802
3.817117e-07, 0.009162
3.819118e-07, 0.006605
3.821118e-07, 0.005521
3.823117e-07, 0.009051
3.825117e-07, 0.012748
3.827118e-07, 0.014694
3.829118e-07, 0.015917
3.831117e-07, 0.017056
3.833118e-07, 0.018029
3.835118e-07, 0.017084
3.837117e-07, 0.017251
3.839117e-07, 0.018640
3.841118e-07, 0.017890
3.843118e-07, 0.015833
3.845117e-07, 0.014916
3.847118e-07, 0.014860
3.849118e-07, 0.015639
3.851117e-07, 0.016417
3.853117e-07, 0.017668
3.855118e-07, 0.017056
3.857118e-07, 0.018112
3.859117e-07, 0.016639
3.861118e-07, 0.016445
3.863118e-07, 0.015889
3.865117e-07, 0.017140
3.867117e-07, 0.019280
3.869118e-07, 0.020892
3.871118e-07, 0.022143
3.873117e-07, 0.022226
3.875118e-07, 0.023310
3.877118e-07, 0.025200
3.879117e-07, 0.027007
3.881117e-07, 0.027980
3.883118e-07, 0.027563
3.885118e-07, 0.025895
3.887117e-07, 0.026729
3.889118e-07, 0.028452
3.891118e-07, 0.028285
3.893117e-07, 0.029619
3.895117e-07, 0.030203
3.897118e-07, 0.028869
3.899118e-07, 0.028702
3.901117e-07, 0.028647
3.903118e-07, 0.027757
3.905118e-07, 0.028758
3.907117e-07, 0.028786
3.909117e-07, 0.028174
3.911118e-07, 0.029036
3.913118e-07, 0.029342
3.915117e-07, 0.029286
3.917118e-07, 0.029425
3.919118e-07, 0.028313
3.921117e-07, 0.027201
3.923117e-07, 0.027729
3.925118e-07, 0.027090
3.927118e-07, 0.026395
3.929117e-07, 0.026729
3.931117e-07, 0.027035
3.933118e-07, 0.028091
3.935118e-07, 0.028397
3.937117e-07, 0.027757
3.939118e-07, 0.026479
3.941118e-07, 0.024978
3.943117e-07, 0.023171
3.945117e-07, 0.022615
3.947118e-07, 0.022949
3.949118e-07, 0.023671
3.951117e-07, 0.025784
3.953118e-07, 0.027007
3.955118e-07, 0.026645
3.957117e-07, 0.025728
3.959117e-07, 0.024088
3.961118e-07, 0.018640
3.963118e-07, 0.015805
3.965117e-07, 0.017001
3.967118e-07, 0.016973
3.969118e-07, 0.019641
3.971117e-07, 0.021170
3.973117e-07, 0.025061
3.975118e-07, 0.030481
3.977118e-07, 0.029508
3.979117e-07, 0.024422
3.981118e-07, 0.023171
3.983118e-07, 0.021754
3.985117e-07, 0.021642
3.987117e-07, 0.021059
3.989118e-07, 0.018085
3.991118e-07, 0.020002
3.993117e-07, 0.022282
3.995118e-07, 0.020725
3.997118e-07, 0.021420
3.999117e-07, 0.021448
4.001117e-07, 0.019447
4.003118e-07, 0.019196
4.005118e-07, 0.018918
4.007117e-07, 0.017001
4.009118e-07, 0.017973
4.011118e-07, 0.020586
4.013117e-07, 0.021003
4.015117e-07, 0.020475
4.017118e-07, 0.019057
4.019118e-07, 0.016862
4.021117e-07, 0.016139
4.023118e-07, 0.015222
4.025118e-07, 0.016222
4.027117e-07, 0.017612
4.029117e-07, 0.016917
4.031118e-07, 0.016556
4.033118e-07, 0.016639
4.035117e-07, 0.016917
4.037118e-07, 0.017084
4.039118e-07, 0.015333
4.041117e-07, 0.014610
4.043117e-07, 0.014110
4.045118e-07, 0.014027
4.047118e-07, 0.014193
4.049117e-07, 0.013081
4.051118e-07, 0.013081
4.053118e-07, 0.016083
4.055117e-07, 0.014527
4.057117e-07, 0.013582
4.059118e-07, 0.012359
4.061118e-07, 0.010858
4.063117e-07, 0.010997
4.065118e-07, 0.009774
4.067118e-07, 0.008773
4.069117e-07, 0.010330
4.071117e-07, 0.010135
4.073118e-07, 0.010497
4.075118e-07, 0.012637
4.077117e-07, 0.011497
4.079117e-07, 0.009329
4.081118e-07, 0.008440
4.083118e-07, 0.008579
4.085117e-07, 0.007995
4.087118e-07, 0.009107
4.089118e-07, 0.009663
4.091117e-07, 0.008190
4.093117e-07, 0.007245
4.095118e-07, 0.007356
4.097118e-07, 0.008301
4.099117e-07, 0.006939
4.101118e-07, 0.007050
4.103118e-07, 0.005327
4.105117e-07, 0.003770
4.107117e-07, 0.004132
4.109118e-07, 0.008051
4.111118e-07, 0.011692
4.113117e-07, 0.011664
4.115118e-07, 0.009829
4.117118e-07, 0.009691
4.119117e-07, 0.007356
4.121117e-07, 0.005716
4.123118e-07, 0.008190
4.125118e-07, 0.011247
4.127117e-07, 0.013804
4.129118e-07, 0.015055
4.131118e-07, 0.017195
4.133117e-07, 0.018251
4.135117e-07, 0.015944
4.137118e-07, 0.017112
4.139118e-07, 0.019447
4.141117e-07, 0.018196
4.143118e-07, 0.015972
4.145118e-07, 0.014610
4.147117e-07, 0.015444
4.149117e-07, 0.016667
4.151118e-07, 0.017195
4.153118e-07, 0.018779
4.155117e-07, 0.019335
4.157118e-07, 0.018891
4.159118e-07, 0.019502
4.161117e-07, 0.018668
4.163117e-07, 0.019280
4.165118e-07, 0.019502
4.167118e-07, 0.021142
4.169117e-07, 0.022949
4.171118e-07, 0.023254
4.173118e-07, 0.025117
4.175117e-07, 0.025589
4.177117e-07, 0.026090
4.179118e-07, 0.026201
4.181118e-07, 0.026590
4.183117e-07, 0.027201
4.185118e-07, 0.027312
4.187118e-07, 0.029036
4.189117e-07, 0.031232
4.191117e-07, 0.031565
4.193118e-07, 0.030064
4.195118e-07, 0.029619
4.197117e-07, 0.030898
4.199118e-07, 0.030648
4.201118e-07, 0.029425
4.203117e-07, 0.028591
4.205117e-07, 0.026840
4.207118e-07, 0.027479
4.209118e-07, 0.028952
4.211117e-07, 0.029647
4.213118e-07, 0.028897
4.215118e-07, 0.029230
4.217118e-07, 0.027980
4.219117e-07, 0.027757
4.221118e-07, 0.028813
4.223118e-07, 0.027007
4.225117e-07, 0.026812
4.227117e-07, 0.025422
4.229118e-07, 0.025645
4.231118e-07, 0.027201
4.233117e-07, 0.027618
4.235118e-07, 0.027118
4.237118e-07, 0.026534
4.239117e-07, 0.025561
4.241117e-07, 0.024005
4.243118e-07, 0.024005
4.245118e-07, 0.022893
4.247117e-07, 0.020503
4.249118e-07, 0.020808
4.251118e-07, 0.023171
4.253117e-07, 0.025534
4.255117e-07, 0.024978
4.257118e-07, 0.024950
4.259118e-07, 0.023115
4.261117e-07, 0.018224
4.263118e-07, 0.015472
4.265118e-07, 0.014999
4.267117e-07, 0.018029
4.269117e-07, 0.018585
4.271118e-07, 0.021726
4.273118e-07, 0.024255
4.275117e-07, 0.027841
4.277118e-07, 0.029897
4.279118e-07, 0.025200
4.281117e-07, 0.024005
4.283117e-07, 0.023115
4.285118e-07, 0.021920
4.287118e-07, 0.018585
4.289117e-07, 0.019252
4.291118e-07, 0.020864
4.293118e-07, 0.021892
4.295117e-07, 0.021726
4.297117e-07, 0.020697
4.299118e-07, 0.022087
4.301118e-07, 0.019641
4.303117e-07, 0.017751
4.305118e-07, 0.017501
4.307118e-07, 0.017584
4.309117e-07, 0.017028
4.311117e-07, 0.017918
4.313118e-07, 0.020253
4.315118e-07, 0.019447
4.317117e-07, 0.018807
4.319118e-07, 0.016195
4.321118e-07, 0.014999
4.323117e-07, 0.016111
4.325117e-07, 0.017167
4.327118e-07, 0.016195
4.329118e-07, 0.015972
4.331117e-07, 0.016139
4.333118e-07, 0.015944
4.335118e-07, 0.016083
4.337117e-07, 0.015472
4.339117e-07, 0.014138
4.341118e-07, 0.013888
4.343118e-07, 0.014471
4.345117e-07, 0.014138
4.347118e-07, 0.013109
4.349118e-07, 0.011191
4.351117e-07, 0.012331
4.353117e-07, 0.013526
4.355118e-07, 0.012887
4.357118e-07, 0.013443
4.359117e-07, 0.012915
4.361118e-07, 0.010719
4.363118e-07, 0.010080
4.365118e-07, 0.009774
4.367117e-07, 0.009857
4.369118e-07, 0.009885
4.371118e-07, 0.009051
4.373117e-07, 0.010163
4.375118e-07, 0.010552
4.377118e-07, 0.008940
4.379118e-07, 0.007856
4.381117e-07, 0.008217
4.383118e-07, 0.008023
4.385118e-07, 0.005438
4.387117e-07, 0.006855
4.389117e-07, 0.007272
4.391118e-07, 0.006216
4.393118e-07, 0.006883
4.395117e-07, 0.005577
4.397118e-07, 0.006105
4.399118e-07, 0.006967
4.401117e-07, 0.005994
4.403117e-07, 0.005160
4.405118e-07, 0.002575
4.407118e-07, 0.002158
4.409117e-07, 0.005466
4.411118e-07, 0.008773
4.413118e-07, 0.009941
4.415117e-07, 0.009301
4.417117e-07, 0.008245
4.419118e-07, 0.005299
4.421118e-07, 0.004132
4.423117e-07, 0.006439
4.425118e-07, 0.009218
4.427118e-07, 0.011136
4.429117e-07, 0.011831
4.431117e-07, 0.013860
4.433118e-07, 0.015111
4.435118e-07, 0.014082
4.437117e-07, 0.014749
4.439118e-07, 0.014999
4.441118e-07, 0.015277
4.443117e-07, 0.014416
4.445117e-07, 0.013193
4.447118e-07, 0.013721
4.449118e-07, 0.013915
4.451117e-07, 0.015194
4.453118e-07, 0.016167
4.455118e-07, 0.017306
4.457117e-07, 0.016806
4.459117e-07, 0.015917
4.461118e-07, 0.016250
4.463118e-07, 0.014805
4.465117e-07, 0.016584
4.467118e-07, 0.018946
4.469118e-07, 0.019808
4.471117e-07, 0.021781
4.473117e-07, 0.022532
4.475118e-07, 0.023505
4.477118e-07, 0.025144
4.479117e-07, 0.025144
4.481118e-07, 0.025367
4.483118e-07, 0.025506
4.485117e-07, 0.025006
4.487117e-07, 0.026201
4.489118e-07, 0.028535
4.491118e-07, 0.029453
4.493117e-07, 0.029064
4.495118e-07, 0.029203
4.497118e-07, 0.028730
4.499118e-07, 0.029119
4.501117e-07, 0.029508
4.503118e-07, 0.027285
4.505118e-07, 0.026840
4.507117e-07, 0.027590
4.509118e-07, 0.027479
4.511118e-07, 0.027896
4.513118e-07, 0.028146
4.515117e-07, 0.028341
4.517118e-07, 0.028980
4.519118e-07, 0.027201
4.521117e-07, 0.027702
4.523118e-07, 0.027007
4.525118e-07, 0.026506
4.527118e-07, 0.026562
4.529117e-07, 0.027868
4.531118e-07, 0.025951
4.533118e-07, 0.027174
4.535118e-07, 0.027451
4.537118e-07, 0.026479
4.539117e-07, 0.025673
4.541117e-07, 0.024978
4.543117e-07, 0.025006
4.545118e-07, 0.022810
4.547118e-07, 0.021615
4.549118e-07, 0.021865
4.551118e-07, 0.022810
4.553117e-07, 0.025144
4.555117e-07, 0.026590
4.557117e-07, 0.026590
4.559118e-07, 0.023894
4.561118e-07, 0.021364
4.563118e-07, 0.018085
4.565118e-07, 0.016111
4.567117e-07, 0.017112
4.569117e-07, 0.019641
4.571117e-07, 0.020725
4.573118e-07, 0.023671
4.575118e-07, 0.029870
4.577118e-07, 0.032093
4.579118e-07, 0.026923
4.581117e-07, 0.024450
4.583117e-07, 0.024005
4.585117e-07, 0.022421
4.587118e-07, 0.020280
4.589118e-07, 0.017195
4.591118e-07, 0.017418
4.593118e-07, 0.020892
4.595117e-07, 0.021809
4.597117e-07, 0.021003
4.599117e-07, 0.020753
4.601118e-07, 0.020558
4.603118e-07, 0.017890
4.605118e-07, 0.016528
4.607118e-07, 0.016806
4.609117e-07, 0.017251
4.611117e-07, 0.019780
4.613117e-07, 0.021948
4.615118e-07, 0.021253
4.617118e-07, 0.019669
4.619118e-07, 0.017445
4.621118e-07, 0.016306
4.623117e-07, 0.017084
4.625117e-07, 0.017751
4.627117e-07, 0.017251
4.629118e-07, 0.016306
4.631118e-07, 0.015666
4.633118e-07, 0.016889
4.635118e-07, 0.017584
4.637117e-07, 0.015778
4.639117e-07, 0.014916
4.641117e-07, 0.014166
4.643118e-07, 0.014054
4.645118e-07, 0.012720
4.647118e-07, 0.013220
4.649118e-07, 0.013276
4.651117e-07, 0.012387
4.653117e-07, 0.013554
4.655117e-07, 0.014499
4.657118e-07, 0.013888
4.659118e-07, 0.013054
4.661118e-07, 0.011886
4.663118e-07, 0.011052
4.665117e-07, 0.010052
4.667117e-07, 0.008078
4.669117e-07, 0.008857
4.671118e-07, 0.008829
4.673118e-07, 0.010497
4.675118e-07, 0.010608
4.677118e-07, 0.010107
4.679117e-07, 0.009246
4.681117e-07, 0.008468
4.683117e-07, 0.007217
4.685117e-07, 0.007384
4.687118e-07, 0.008356
4.689118e-07, 0.008356
4.691118e-07, 0.006077
4.693117e-07, 0.006327
4.695117e-07, 0.005355
4.697117e-07, 0.006077
4.699117e-07, 0.007550
4.701118e-07, 0.006661
4.703118e-07, 0.004576
4.705118e-07, 0.002047
4.707117e-07, 0.003020
4.709117e-07, 0.005549
4.711117e-07, 0.008440
4.713117e-07, 0.010080
4.715118e-07, 0.008829
4.717118e-07, 0.008690
4.719118e-07, 0.007578
4.721118e-07, 0.005355
4.723117e-07, 0.005883
4.725117e-07, 0.009718
4.727117e-07, 0.011914
4.729118e-07, 0.013332
4.731118e-07, 0.013832
4.733118e-07, 0.016667
4.735118e-07, 0.016723
4.737117e-07, 0.014972
4.739117e-07, 0.016973
4.741117e-07, 0.017779
4.743118e-07, 0.015722
4.745118e-07, 0.014054
4.747118e-07, 0.015388
4.749118e-07, 0.015083
4.751117e-07, 0.016445
4.753117e-07, 0.018807
4.755117e-07, 0.019474
4.757118e-07, 0.019280
4.759118e-07, 0.018557
4.761118e-07, 0.016834
4.763118e-07, 0.017473
4.765117e-07, 0.018307
4.767117e-07, 0.020086
4.769117e-07, 0.021281
4.771118e-07, 0.023866
4.773118e-07, 0.024116
4.775118e-07, 0.024561
4.777118e-07, 0.025283
4.779117e-07, 0.026562
4.781117e-07, 0.027479
4.783117e-07, 0.029203
4.785118e-07, 0.027785
4.787118e-07, 0.028397
4.789118e-07, 0.028980
4.791118e-07, 0.031621
4.793117e-07, 0.030759
4.795117e-07, 0.030036
4.797117e-07, 0.030398
4.799118e-07, 0.029091
4.801118e-07, 0.029342
4.803118e-07, 0.030175
4.805118e-07, 0.029453
4.807117e-07, 0.027646
4.809117e-07, 0.028202
4.811117e-07, 0.029147
4.813118e-07, 0.030370
4.815118e-07, 0.030509
4.817118e-07, 0.030231
4.819118e-07, 0.028591
4.821117e-07, 0.027201
4.823117e-07, 0.026340
4.825117e-07, 0.027174
4.827118e-07, 0.026367
4.829118e-07, 0.025367
4.831118e-07, 0.027590
4.833118e-07, 0.027618
4.835117e-07, 0.026034
4.837117e-07, 0.025867
4.839117e-07, 0.025256
4.841118e-07, 0.025756
4.843118e-07, 0.026451
4.845118e-07, 0.026090
4.847118e-07, 0.023949
4.849117e-07, 0.021503
4.851117e-07, 0.022949
4.853117e-07, 0.023727
4.855118e-07, 0.025061
4.857118e-07, 0.024561
4.859118e-07, 0.024199
4.861118e-07, 0.022004
4.863117e-07, 0.016222
4.865117e-07, 0.014972
4.867117e-07, 0.017223
4.869118e-07, 0.017556
4.871118e-07, 0.019447
4.873118e-07, 0.022448
4.875118e-07, 0.027062
4.877117e-07, 0.030565
4.879117e-07, 0.026673
4.881117e-07, 0.024005
4.883118e-07, 0.022921
4.885118e-07, 0.022115
4.887118e-07, 0.019697
4.889118e-07, 0.018807
4.891117e-07, 0.019085
4.893117e-07, 0.021670
4.895117e-07, 0.022337
4.897118e-07, 0.021114
4.899118e-07, 0.021726
4.901118e-07, 0.019586
4.903118e-07, 0.017028
4.905117e-07, 0.017195
4.907117e-07, 0.016917
4.909117e-07, 0.016139
4.911118e-07, 0.017751
4.913118e-07, 0.020030
4.915118e-07, 0.019919
4.917118e-07, 0.019141
4.919117e-07, 0.016334
4.921117e-07, 0.015778
4.923117e-07, 0.016083
4.925118e-07, 0.016250
4.927118e-07, 0.016528
4.929118e-07, 0.016167
4.931118e-07, 0.015277
4.933117e-07, 0.015917
4.935117e-07, 0.015805
4.937117e-07, 0.016500
4.939118e-07, 0.016000
4.941118e-07, 0.015750
4.943118e-07, 0.014721
4.945118e-07, 0.013582
4.947117e-07, 0.012526
4.949117e-07, 0.012970
4.951117e-07, 0.013915
4.953118e-07, 0.015361
4.955118e-07, 0.014360
4.957118e-07, 0.014166
4.959118e-07, 0.013054
4.961117e-07, 0.010719
4.963117e-07, 0.010024
4.965117e-07, 0.009190
4.967118e-07, 0.008551
4.969118e-07, 0.009329
4.971118e-07, 0.009051
4.973118e-07, 0.009440
4.975117e-07, 0.011191
4.977117e-07, 0.010775
4.979117e-07, 0.008912
4.981118e-07, 0.009107
4.983118e-07, 0.007912
4.985118e-07, 0.006577
4.987118e-07, 0.008384
4.989117e-07, 0.007745
4.991117e-07, 0.007550
4.993117e-07, 0.006800
4.995117e-07, 0.005994
4.997118e-07, 0.006355
4.999118e-07, 0.006300
5.001118e-07, 0.006188
5.003118e-07, 0.005883
5.005117e-07, 0.003103
5.007117e-07, 0.000880
5.009117e-07, 0.003187
5.011118e-07, 0.008023
5.013118e-07, 0.010497
5.015118e-07, 0.010080
5.017118e-07, 0.009051
5.019117e-07, 0.007939
5.021117e-07, 0.004215
5.023117e-07, 0.005410
5.025118e-07, 0.010191
5.027118e-07, 0.012109
5.029118e-07, 0.014777
5.031118e-07, 0.016500
5.033117e-07, 0.018029
5.035117e-07, 0.018335
5.037117e-07, 0.017834
5.039118e-07, 0.017862
5.041118e-07, 0.016889
5.043118e-07, 0.015555
5.045118e-07, 0.013526
5.047117e-07, 0.014304
5.049117e-07, 0.013832
5.051117e-07, 0.015583
5.053118e-07, 0.016417
5.055118e-07, 0.018752
5.057118e-07, 0.018696
5.059118e-07, 0.017306
5.061117e-07, 0.017334
5.063117e-07, 0.016361
5.065117e-07, 0.016361
5.067118e-07, 0.017306
5.069118e-07, 0.017918
5.071118e-07, 0.020280
5.073118e-07, 0.022448
5.075117e-07, 0.023032
5.077117e-07, 0.024450
5.079117e-07, 0.025617
5.081118e-07, 0.024589
5.083118e-07, 0.026312
5.085118e-07, 0.026812
5.087118e-07, 0.028591
5.089117e-07, 0.029064
5.091117e-07, 0.028119
5.093117e-07, 0.029175
5.095118e-07, 0.030815
5.097118e-07, 0.030064
5.099118e-07, 0.029786
5.101118e-07, 0.029286
5.103117e-07, 0.028702
5.105117e-07, 0.027952
5.107117e-07, 0.027451
5.109118e-07, 0.027312
5.111118e-07, 0.029008
5.113118e-07, 0.028952
5.115118e-07, 0.029342
5.117117e-07, 0.030203
5.119117e-07, 0.029619
5.121117e-07, 0.029369
5.123118e-07, 0.028813
5.125118e-07, 0.027757
5.127118e-07, 0.027285
5.129118e-07, 0.027451
5.131117e-07, 0.027868
5.133117e-07, 0.028535
5.135117e-07, 0.028897
5.137118e-07, 0.026896
5.139118e-07, 0.027535
5.141118e-07, 0.027479
5.143118e-07, 0.026423
5.145117e-07, 0.024811
5.147117e-07, 0.024561
5.149117e-07, 0.023199
5.151118e-07, 0.023838
5.153118e-07, 0.025089
5.155118e-07, 0.026117
5.157118e-07, 0.026979
5.159117e-07, 0.024255
5.161117e-07, 0.022393
5.163117e-07, 0.020058
5.165118e-07, 0.015861
5.167118e-07, 0.016278
5.169118e-07, 0.018974
5.171118e-07, 0.021420
5.173117e-07, 0.023060
5.175117e-07, 0.026701
5.177117e-07, 0.032121
5.179118e-07, 0.028535
5.181118e-07, 0.024922
5.183118e-07, 0.024422
5.185118e-07, 0.023866
5.187117e-07, 0.022476
5.189117e-07, 0.020364
5.191117e-07, 0.019530
5.193118e-07, 0.020697
5.195118e-07, 0.021781
5.197118e-07, 0.022782
5.199118e-07, 0.021865
5.201117e-07, 0.021253
5.203117e-07, 0.018335
5.205117e-07, 0.017306
5.207118e-07, 0.017390
5.209118e-07, 0.017640
5.211118e-07, 0.017640
5.213118e-07, 0.019308
5.215117e-07, 0.020558
5.217117e-07, 0.020336
5.219117e-07, 0.018585
5.221118e-07, 0.017112
5.223118e-07, 0.016611
5.225118e-07, 0.017028
5.227118e-07, 0.017529
5.229117e-07, 0.017445
5.231117e-07, 0.015889
5.233117e-07, 0.016417
5.235118e-07, 0.017668
5.237118e-07, 0.017890
5.239118e-07, 0.016334
5.241118e-07, 0.016361
5.243117e-07, 0.015250
5.245117e-07, 0.014916
5.247117e-07, 0.014193
5.249118e-07, 0.013387
5.251118e-07, 0.012553
5.253118e-07, 0.014277
5.255118e-07, 0.014527
5.257117e-07, 0.014999
5.259117e-07, 0.014388
5.261117e-07, 0.012665
5.263118e-07, 0.010163
5.265118e-07, 0.010719
5.267118e-07, 0.010413
5.269118e-07, 0.009913
5.271117e-07, 0.010330
5.273117e-07, 0.010052
5.275117e-07, 0.010580
5.277118e-07, 0.012581
5.279118e-07, 0.010385
5.281118e-07, 0.008384
5.283118e-07, 0.009440
5.285118e-07, 0.008857
5.287117e-07, 0.008773
5.289117e-07, 0.009857
5.291117e-07, 0.008745
5.293118e-07, 0.007078
5.295118e-07, 0.005938
5.297118e-07, 0.006689
5.299118e-07, 0.007523
5.301117e-07, 0.007328
5.303117e-07, 0.007995
5.305117e-07, 0.004465
5.307118e-07, 0.001046
5.309118e-07, 0.003325
5.311118e-07, 0.007356
5.313118e-07, 0.011247
5.315117e-07, 0.009885
5.317117e-07, 0.008884
5.319117e-07, 0.007606
5.321118e-07, 0.005938
5.323118e-07, 0.004965
5.325118e-07, 0.008356
5.327118e-07, 0.011720
5.329117e-07, 0.014054
5.331117e-07, 0.015500
5.333117e-07, 0.018085
5.335118e-07, 0.017723
5.337118e-07, 0.016917
5.339118e-07, 0.016778
5.341118e-07, 0.018168
5.343117e-07, 0.018085
5.345117e-07, 0.016695
5.347117e-07, 0.017556
5.349118e-07, 0.019002
5.351118e-07, 0.020002
5.353118e-07, 0.023060
5.355118e-07, 0.023810
5.357117e-07, 0.024783
5.359117e-07, 0.026256
5.361117e-07, 0.026284
5.363118e-07, 0.026534
5.365118e-07, 0.027062
5.367118e-07, 0.027201
5.369118e-07, 0.029592
5.371117e-07, 0.031510
5.373117e-07, 0.031926
5.375117e-07, 0.031982
5.377118e-07, 0.033566
5.379118e-07, 0.033678
5.381118e-07, 0.034233
5.383118e-07, 0.034456
5.385117e-07, 0.033844
5.387117e-07, 0.034789
5.389117e-07, 0.035095
5.391118e-07, 0.036096
5.393118e-07, 0.037402
5.395118e-07, 0.036485
5.397118e-07, 0.036596
5.399117e-07, 0.035401
5.401117e-07, 0.034650
5.403117e-07, 0.035373
5.405118e-07, 0.033872
5.407118e-07, 0.033316
5.409118e-07, 0.034039
5.411118e-07, 0.034372
5.413117e-07, 0.034678
5.415117e-07, 0.033872
5.417117e-07, 0.034928
5.419118e-07, 0.034623
5.421118e-07, 0.034456
5.423118e-07, 0.031926
5.425118e-07, 0.031093
5.427117e-07, 0.031120
5.429117e-07, 0.031982
5.431117e-07, 0.032427
5.433118e-07, 0.032149
5.435118e-07, 0.032482
5.437118e-07, 0.032510
5.439118e-07, 0.031093
5.441117e-07, 0.030064
5.443117e-07, 0.028952
5.445117e-07, 0.029731
5.447118e-07, 0.029647
5.449118e-07, 0.026979
5.451118e-07, 0.026562
5.453118e-07, 0.027729
5.455117e-07, 0.028702
5.457117e-07, 0.028758
5.459117e-07, 0.028285
5.461118e-07, 0.026729
5.463118e-07, 0.022810
5.465118e-07, 0.019196
5.467118e-07, 0.019836
5.469117e-07, 0.021670
5.471117e-07, 0.022448
5.473117e-07, 0.025422
5.475118e-07, 0.030287
5.477118e-07, 0.034734
5.479118e-07, 0.032566
5.481118e-07, 0.029147
5.483117e-07, 0.026840
5.485117e-07, 0.026951
5.487117e-07, 0.026312
5.489118e-07, 0.024422
5.491118e-07, 0.022393
5.493118e-07, 0.023532
5.495118e-07, 0.025395
5.497117e-07, 0.024755
5.499117e-07, 0.025700
5.501117e-07, 0.025061
5.503118e-07, 0.022699
5.505118e-07, 0.020336
5.507118e-07, 0.018752
5.509118e-07, 0.017973
5.511117e-07, 0.019169
5.513117e-07, 0.022560
5.515117e-07, 0.023949
5.517118e-07, 0.024033
5.519118e-07, 0.021754
5.521118e-07, 0.019836
5.523118e-07, 0.018196
5.525117e-07, 0.018363
5.527117e-07, 0.019057
5.529117e-07, 0.019947
5.531118e-07, 0.019891
5.533118e-07, 0.018863
5.535118e-07, 0.018502
5.537118e-07, 0.016695
5.539117e-07, 0.016778
5.541117e-07, 0.016611
5.543117e-07, 0.016167
5.545118e-07, 0.015194
5.547118e-07, 0.014471
5.549118e-07, 0.014527
5.551118e-07, 0.014166
5.553117e-07, 0.014805
5.555117e-07, 0.016000
5.557117e-07, 0.016445
5.559118e-07, 0.016417
5.561118e-07, 0.013526
5.563118e-07, 0.012442
5.565118e-07, 0.011025
5.567118e-07, 0.010552
5.569117e-07, 0.011664
5.571117e-07, 0.010552
5.573118e-07, 0.011692
5.575118e-07, 0.012359
5.577118e-07, 0.012692
5.579118e-07, 0.010830
5.581118e-07, 0.011191
5.583117e-07, 0.009552
5.585117e-07, 0.008579
5.587118e-07, 0.008440
5.589118e-07, 0.009023
5.591118e-07, 0.009385
5.593118e-07, 0.008356
5.595118e-07, 0.007828
5.597117e-07, 0.007828
5.599117e-07, 0.007189
5.601117e-07, 0.007078
5.603118e-07, 0.007384
5.605118e-07, 0.005271
5.607118e-07, 0.003548
5.609118e-07, 0.003437
5.611117e-07, 0.007773
5.613117e-07, 0.011386
5.615117e-07, 0.011136
5.617118e-07, 0.010080
5.619118e-07, 0.007939
5.621118e-07, 0.006939
5.623118e-07, 0.006355
5.625117e-07, 0.008634
5.627117e-07, 0.011859
5.629117e-07, 0.014888
5.631118e-07, 0.016028
5.633118e-07, 0.017695
5.635118e-07, 0.019057
5.637118e-07, 0.018418
5.639117e-07, 0.018696
5.641117e-07, 0.020058
5.643117e-07, 0.018946
5.645118e-07, 0.017223
5.647118e-07, 0.017306
5.649118e-07, 0.017556
5.651118e-07, 0.018307
5.653117e-07, 0.020503
5.655117e-07, 0.022059
5.657117e-07, 0.021337
5.659118e-07, 0.021059
5.661118e-07, 0.021309
5.663118e-07, 0.021364
5.665118e-07, 0.021086
5.667117e-07, 0.022448
5.669117e-07, 0.022587
5.671117e-07, 0.024755
5.673118e-07, 0.027312
5.675118e-07, 0.028174
5.677118e-07, 0.028841
5.679118e-07, 0.028869
5.681117e-07, 0.029981
5.683117e-07, 0.031093
5.685117e-07, 0.029147
5.687118e-07, 0.029758
5.689118e-07, 0.030203
5.691118e-07, 0.031649
5.693118e-07, 0.033455
5.695117e-07, 0.032983
5.697117e-07, 0.031176
5.699117e-07, 0.031871
5.701118e-07, 0.032121
5.703118e-07, 0.030954
5.705118e-07, 0.030314
5.707118e-07, 0.029786
5.709117e-07, 0.030620
5.711117e-07, 0.031510
5.713117e-07, 0.030759
5.715118e-07, 0.031454
5.717118e-07, 0.030926
5.719118e-07, 0.030314
5.721118e-07, 0.030453
5.723117e-07, 0.029203
5.725117e-07, 0.028313
5.727117e-07, 0.028591
5.729118e-07, 0.028730
5.731118e-07, 0.028397
5.733118e-07, 0.029536
5.735118e-07, 0.029481
5.737117e-07, 0.030009
5.739117e-07, 0.029981
5.741117e-07, 0.028841
5.743118e-07, 0.028424
5.745118e-07, 0.028619
5.747118e-07, 0.027924
5.749118e-07, 0.025728
5.751117e-07, 0.026145
5.753117e-07, 0.026423
5.755117e-07, 0.027285
5.757118e-07, 0.030175
5.759118e-07, 0.029647
5.761118e-07, 0.028285
5.763118e-07, 0.023616
5.765117e-07, 0.019141
5.767117e-07, 0.018474
5.769117e-07, 0.020336
5.771118e-07, 0.022087
5.773118e-07, 0.024450
5.775118e-07, 0.027368
5.777118e-07, 0.033233
5.779117e-07, 0.034122
5.781117e-07, 0.029008
5.783117e-07, 0.027090
5.785118e-07, 0.026868
5.787118e-07, 0.027507
5.789118e-07, 0.024450
5.791118e-07, 0.022810
5.793117e-07, 0.022838
5.795117e-07, 0.023977
5.797117e-07, 0.023838
5.799118e-07, 0.024533
5.801118e-07, 0.024867
5.803118e-07, 0.021420
5.805118e-07, 0.019697
5.807117e-07, 0.020808
5.809117e-07, 0.018946
5.811117e-07, 0.017695
5.813118e-07, 0.021615
5.815118e-07, 0.023143
5.817118e-07, 0.022115
5.819118e-07, 0.020808
5.821117e-07, 0.018835
5.823117e-07, 0.017918
5.825117e-07, 0.017890
5.827118e-07, 0.018363
5.829118e-07, 0.018335
5.831118e-07, 0.017668
5.833118e-07, 0.017084
5.835117e-07, 0.018029
5.837117e-07, 0.018585
5.839117e-07, 0.017390
5.841118e-07, 0.016111
5.843118e-07, 0.015972
5.845118e-07, 0.015111
5.847118e-07, 0.014388
5.849118e-07, 0.014388
5.851117e-07, 0.014027
5.853117e-07, 0.013888
5.855118e-07, 0.015138
5.857118e-07, 0.014360
5.859118e-07, 0.014582
5.861118e-07, 0.013776
5.863118e-07, 0.012387
5.865117e-07, 0.011386
5.867117e-07, 0.012498
5.869118e-07, 0.012053
5.871118e-07, 0.010969
5.873118e-07, 0.012192
5.875118e-07, 0.011942
5.877118e-07, 0.010858
5.879117e-07, 0.011025
5.881117e-07, 0.010636
5.883118e-07, 0.009413
5.885118e-07, 0.007884
5.887118e-07, 0.007967
5.889118e-07, 0.008190
5.891118e-07, 0.008940
5.893117e-07, 0.008829
5.895117e-07, 0.006716
5.897117e-07, 0.007328
5.899118e-07, 0.007717
5.901118e-07, 0.007884
5.903118e-07, 0.008301
5.905118e-07, 0.005605
5.907117e-07, 0.004132
5.909117e-07, 0.003770
5.911117e-07, 0.006800
5.913118e-07, 0.011247
5.915118e-07, 0.009913
5.917118e-07, 0.009691
5.919118e-07, 0.009051
5.921117e-07, 0.008023
5.923117e-07, 0.006188
5.925117e-07, 0.007995
5.927118e-07, 0.012303
5.929118e-07, 0.013332
5.931118e-07, 0.014388
5.933118e-07, 0.016222
5.935117e-07, 0.016862
5.937117e-07, 0.016334
5.939117e-07, 0.016000
5.941118e-07, 0.017946
5.943118e-07, 0.019474
5.945118e-07, 0.018196
5.947118e-07, 0.018057
5.949117e-07, 0.019419
5.951117e-07, 0.023143
5.953117e-07, 0.024867
5.955118e-07, 0.025784
5.957118e-07, 0.026395
5.959118e-07, 0.026645
5.961118e-07, 0.024311
5.963117e-07, 0.024867
5.965117e-07, 0.024005
5.967117e-07, 0.025339
5.969118e-07, 0.027618
5.971118e-07, 0.028952
5.973118e-07, 0.031926
5.975118e-07, 0.033511
5.977117e-07, 0.034039
5.979117e-07, 0.034178
5.981117e-07, 0.035429
5.983118e-07, 0.036791
5.985118e-07, 0.036568
5.987118e-07, 0.035762
5.989118e-07, 0.037430
5.991117e-07, 0.037069
5.993117e-07, 0.037430
5.995117e-07, 0.038291
5.997118e-07, 0.039125
5.999118e-07, 0.037736
6.001118e-07, 0.037902
6.003118e-07, 0.038820
6.005117e-07, 0.037485
6.007117e-07, 0.035317
6.009117e-07, 0.035262
6.011118e-07, 0.035401
6.013118e-07, 0.036874
6.015118e-07, 0.037430
6.017118e-07, 0.037207
6.019117e-07, 0.036791
6.021117e-07, 0.036096
6.023117e-07, 0.035123
6.025118e-07, 0.033928
6.027118e-07, 0.033205
6.029118e-07, 0.033872
6.031118e-07, 0.031204
6.033117e-07, 0.033288
6.035117e-07, 0.033010
6.037117e-07, 0.032177
6.039118e-07, 0.031649
6.041118e-07, 0.031120
6.043118e-07, 0.030537
6.045118e-07, 0.028591
6.047117e-07, 0.027118
6.049117e-07, 0.025506
6.051117e-07, 0.025561
6.053118e-07, 0.027146
6.055118e-07, 0.027451
6.057118e-07, 0.028952
6.059118e-07, 0.027674
6.061117e-07, 0.026201
6.063117e-07, 0.022699
6.065117e-07, 0.018779
6.067118e-07, 0.018168
6.069118e-07, 0.019057
6.071118e-07, 0.020308
6.073118e-07, 0.022893
6.075117e-07, 0.027563
6.077117e-07, 0.032844
6.079117e-07, 0.033705
6.081118e-07, 0.028313
6.083118e-07, 0.024644
6.085118e-07, 0.024311
6.087118e-07, 0.023755
6.089117e-07, 0.022643
6.091117e-07, 0.020836
6.093117e-07, 0.022643
6.095118e-07, 0.024338
6.097118e-07, 0.024172
6.099118e-07, 0.024255
6.101118e-07, 0.023143
6.103117e-07, 0.022949
6.105117e-07, 0.020697
6.107117e-07, 0.020781
6.109118e-07, 0.020697
6.111118e-07, 0.021253
6.113118e-07, 0.023115
6.115118e-07, 0.023977
6.117117e-07, 0.023922
6.119117e-07, 0.022560
6.121117e-07, 0.020447
6.123118e-07, 0.019335
6.125118e-07, 0.018918
6.127118e-07, 0.019641
6.129118e-07, 0.019419
6.131118e-07, 0.019697
6.133117e-07, 0.019697
6.135117e-07, 0.019224
6.137118e-07, 0.019057
6.139118e-07, 0.018390
6.141118e-07, 0.016028
6.143118e-07, 0.015138
6.145118e-07, 0.014916
6.147117e-07, 0.015083
6.149117e-07, 0.014388
6.151118e-07, 0.014304
6.153118e-07, 0.014638
6.155118e-07, 0.015500
6.157118e-07, 0.016250
6.159118e-07, 0.014610
6.161117e-07, 0.013721
6.163117e-07, 0.013081
6.165118e-07, 0.011247
6.167118e-07, 0.009329
6.169118e-07, 0.008884
6.171118e-07, 0.009385
6.173118e-07, 0.010747
6.175117e-07, 0.011247
6.177117e-07, 0.011636
6.179118e-07, 0.011080
6.181118e-07, 0.011664
6.183118e-07, 0.010274
6.185118e-07, 0.008217
6.187118e-07, 0.008996
6.189117e-07, 0.009635
6.191117e-07, 0.008718
6.193118e-07, 0.008468
6.195118e-07, 0.007300
6.197118e-07, 0.007523
6.199118e-07, 0.008245
6.201118e-07, 0.008329
6.203117e-07, 0.007606
6.205117e-07, 0.005104
6.207117e-07, 0.004104
6.209118e-07, 0.004993
6.211118e-07, 0.006911
6.213118e-07, 0.010691
6.215118e-07, 0.011025
6.217117e-07, 0.010441
6.219117e-07, 0.009968
6.221117e-07, 0.008134
6.223118e-07, 0.005049
6.225118e-07, 0.006689
6.227118e-07, 0.012498
6.229118e-07, 0.015555
6.231117e-07, 0.016889
6.233117e-07, 0.017890
6.235117e-07, 0.022031
6.237118e-07, 0.021892
6.239118e-07, 0.019891
6.241118e-07, 0.020030
6.243118e-07, 0.019863
6.245117e-07, 0.017918
6.247117e-07, 0.016056
6.249117e-07, 0.015917
6.251118e-07, 0.017890
6.253118e-07, 0.018057
6.255118e-07, 0.019724
6.257118e-07, 0.021364
6.259117e-07, 0.021920
6.261117e-07, 0.021142
6.263117e-07, 0.019558
6.265118e-07, 0.018891
6.267118e-07, 0.020336
6.269118e-07, 0.020586
6.271118e-07, 0.022337
6.273117e-07, 0.024505
6.275117e-07, 0.024700
6.277117e-07, 0.025144
6.279118e-07, 0.025339
6.281118e-07, 0.024755
6.283118e-07, 0.026618
6.285118e-07, 0.027285
6.287117e-07, 0.027924
6.289117e-07, 0.028035
6.291117e-07, 0.028480
6.293118e-07, 0.030787
6.295118e-07, 0.030203
6.297118e-07, 0.030259
6.299118e-07, 0.030092
6.301117e-07, 0.029814
6.303117e-07, 0.028452
6.305117e-07, 0.027563
6.307118e-07, 0.028702
6.309118e-07, 0.028980
6.311118e-07, 0.027590
6.313118e-07, 0.029508
6.315117e-07, 0.030092
6.317117e-07, 0.029481
6.319117e-07, 0.029592
6.321118e-07, 0.029397
6.323118e-07, 0.028535
6.325118e-07, 0.026590
6.327118e-07, 0.026117
6.329117e-07, 0.026367
6.331117e-07, 0.027952
6.333117e-07, 0.029203
6.335118e-07, 0.028813
6.337118e-07, 0.027868
6.339118e-07, 0.027896
6.341118e-07, 0.027702
6.343117e-07, 0.026757
6.345117e-07, 0.026312
6.347117e-07, 0.027980
6.349118e-07, 0.024533
6.351118e-07, 0.023199
6.353118e-07, 0.024005
6.355118e-07, 0.025812
6.357117e-07, 0.027785
6.359117e-07, 0.027118
6.361117e-07, 0.026423
6.363118e-07, 0.023727
6.365118e-07, 0.020086
6.367118e-07, 0.017723
6.369118e-07, 0.018779
6.371117e-07, 0.020030
6.373117e-07, 0.023727
6.375117e-07, 0.025228
6.377118e-07, 0.029481
6.379118e-07, 0.033233
6.381118e-07, 0.030092
6.383118e-07, 0.025784
6.385117e-07, 0.024172
6.387117e-07, 0.022865
6.389117e-07, 0.022337
6.391118e-07, 0.020141
6.393118e-07, 0.022087
6.395118e-07, 0.022949
6.397118e-07, 0.022949
6.399117e-07, 0.022476
6.401117e-07, 0.022393
6.403117e-07, 0.021865
6.405118e-07, 0.017501
6.407118e-07, 0.018029
6.409118e-07, 0.017807
6.411118e-07, 0.017140
6.413118e-07, 0.018668
6.415117e-07, 0.021420
6.417117e-07, 0.022810
6.419118e-07, 0.021476
6.421118e-07, 0.019474
6.423118e-07, 0.017918
6.425118e-07, 0.016778
6.427118e-07, 0.017946
6.429117e-07, 0.018196
6.431117e-07, 0.016806
6.433118e-07, 0.015583
6.435118e-07, 0.016445
6.437118e-07, 0.016834
6.439118e-07, 0.016361
6.441118e-07, 0.016500
6.443117e-07, 0.015861
6.445117e-07, 0.014332
6.447118e-07, 0.013860
6.449118e-07, 0.014805
6.451118e-07, 0.013888
6.453118e-07, 0.013359
6.455118e-07, 0.013081
6.457117e-07, 0.014638
6.459117e-07, 0.016111
6.461118e-07, 0.015250
6.463118e-07, 0.013582
6.465118e-07, 0.012303
6.467118e-07, 0.009413
6.469118e-07, 0.009301
6.471117e-07, 0.010802
6.473117e-07, 0.011720
6.475118e-07, 0.010691
6.477118e-07, 0.011442
6.479118e-07, 0.011831
6.481118e-07, 0.011358
6.483118e-07, 0.010608
6.485117e-07, 0.008829
6.487117e-07, 0.008412
6.489118e-07, 0.007773
6.491118e-07, 0.007939
6.493118e-07, 0.007884
6.495118e-07, 0.007495
6.497118e-07, 0.007384
6.499117e-07, 0.006355
6.501117e-07, 0.006883
6.503117e-07, 0.007022
6.505118e-07, 0.006466
6.507118e-07, 0.003631
6.509118e-07, 0.003325
6.511118e-07, 0.005632
6.513117e-07, 0.009246
6.515117e-07, 0.010441
6.517117e-07, 0.011219
6.519118e-07, 0.008607
6.521118e-07, 0.008190
6.523118e-07, 0.006327
6.525118e-07, 0.005883
6.527117e-07, 0.011886
6.529117e-07, 0.016111
6.531117e-07, 0.016862
6.533118e-07, 0.018585
6.535118e-07, 0.021253
6.537118e-07, 0.020586
6.539118e-07, 0.018529
6.541117e-07, 0.020336
6.543117e-07, 0.021698
6.545117e-07, 0.019474
6.547118e-07, 0.018029
6.549118e-07, 0.017529
6.551118e-07, 0.018585
6.553118e-07, 0.018418
6.555117e-07, 0.020225
6.557117e-07, 0.021892
6.559117e-07, 0.020697
6.561118e-07, 0.021059
6.563118e-07, 0.021142
6.565118e-07, 0.020864
6.567118e-07, 0.021615
6.569117e-07, 0.022504
6.571117e-07, 0.023338
6.573117e-07, 0.025311
6.575118e-07, 0.026145
6.577118e-07, 0.026868
6.579118e-07, 0.028841
6.581118e-07, 0.028841
6.583117e-07, 0.027396
6.585117e-07, 0.027174
6.587117e-07, 0.028758
6.589118e-07, 0.029286
6.591118e-07, 0.031371
6.593118e-07, 0.030870
6.595118e-07, 0.032316
6.597117e-07, 0.033594
6.599117e-07, 0.032399
6.601117e-07, 0.030898
6.603118e-07, 0.030926
6.605118e-07, 0.029675
6.607118e-07, 0.029147
6.609118e-07, 0.029091
6.611117e-07, 0.030064
6.613117e-07, 0.031176
6.615117e-07, 0.031065
6.617118e-07, 0.030703
6.619118e-07, 0.030537
6.621118e-07, 0.030287
6.623118e-07, 0.029786
6.625117e-07, 0.028285
6.627117e-07, 0.027035
6.629117e-07, 0.027674
6.631118e-07, 0.028369
6.633118e-07, 0.027813
6.635118e-07, 0.028647
6.637118e-07, 0.028563
6.639117e-07, 0.028146
6.641117e-07, 0.027785
6.643117e-07, 0.025978
6.645118e-07, 0.025895
6.647118e-07, 0.026034
6.649118e-07, 0.024255
6.651118e-07, 0.021642
6.653117e-07, 0.022170
6.655117e-07, 0.024700
6.657117e-07, 0.025506
6.659118e-07, 0.026923
6.661118e-07, 0.027424
6.663118e-07, 0.024199
6.665118e-07, 0.018529
6.667117e-07, 0.016278
6.669117e-07, 0.016806
6.671117e-07, 0.017834
6.673118e-07, 0.019613
6.675118e-07, 0.022004
6.677118e-07, 0.027035
6.679118e-07, 0.031065
6.681117e-07, 0.028758
6.683117e-07, 0.024811
6.685117e-07, 0.023977
6.687118e-07, 0.023282
6.689118e-07, 0.021476
6.691118e-07, 0.020864
6.693118e-07, 0.020336
6.695118e-07, 0.021948
6.697117e-07, 0.023032
6.699117e-07, 0.023644
6.701118e-07, 0.023088
6.703118e-07, 0.022726
6.705118e-07, 0.020225
6.707118e-07, 0.018224
6.709118e-07, 0.017918
6.711117e-07, 0.017640
6.713117e-07, 0.017584
6.715118e-07, 0.020364
6.717118e-07, 0.022170
6.719118e-07, 0.021086
6.721118e-07, 0.019085
6.723118e-07, 0.018112
6.725117e-07, 0.017334
6.727117e-07, 0.017362
6.729118e-07, 0.017556
6.731118e-07, 0.019669
6.733118e-07, 0.018224
6.735118e-07, 0.017695
6.737118e-07, 0.016750
6.739117e-07, 0.017056
6.741117e-07, 0.016973
6.743118e-07, 0.016028
6.745118e-07, 0.014749
6.747118e-07, 0.014416
6.749118e-07, 0.014360
6.751118e-07, 0.013471
6.753117e-07, 0.013359
6.755117e-07, 0.014416
6.757118e-07, 0.015250
6.759118e-07, 0.015083
6.761118e-07, 0.014110
6.763118e-07, 0.012470
6.765118e-07, 0.011052
6.767117e-07, 0.010552
6.769117e-07, 0.008912
6.771118e-07, 0.008857
6.773118e-07, 0.010969
6.775118e-07, 0.009996
6.777118e-07, 0.011497
6.779118e-07, 0.011970
6.781117e-07, 0.010163
6.783117e-07, 0.008829
6.785118e-07, 0.008607
6.787118e-07, 0.007634
6.789118e-07, 0.007606
6.791118e-07, 0.009385
6.793118e-07, 0.007689
6.795117e-07, 0.007411
6.797117e-07, 0.007800
6.799118e-07, 0.007272
6.801118e-07, 0.006939
6.803118e-07, 0.007578
6.805118e-07, 0.006522
6.807118e-07, 0.004187
6.809117e-07, 0.001658
6.811117e-07, 0.004104
6.813117e-07, 0.009023
6.815118e-07, 0.010524
6.817118e-07, 0.009829
6.819118e-07, 0.008551
6.821118e-07, 0.007411
6.823117e-07, 0.006161
6.825117e-07, 0.005188
6.827117e-07, 0.011330
6.829118e-07, 0.014110
6.831118e-07, 0.015361
6.833118e-07, 0.015027
6.835118e-07, 0.017223
6.837117e-07, 0.019002
6.839117e-07, 0.016889
6.841117e-07, 0.017140
6.843118e-07, 0.018696
6.845118e-07, 0.016028
6.847118e-07, 0.014193
6.849118e-07, 0.014721
6.851117e-07, 0.013637
6.853117e-07, 0.016334
6.855117e-07, 0.018279
6.857118e-07, 0.018196
6.859118e-07, 0.018696
6.861118e-07, 0.018001
6.863118e-07, 0.018168
6.865117e-07, 0.018613
6.867117e-07, 0.018696
6.869117e-07, 0.019613
6.871118e-07, 0.020531
6.873118e-07, 0.022115
6.875118e-07, 0.023199
6.877118e-07, 0.025061
6.879117e-07, 0.024728
6.881117e-07, 0.026645
6.883117e-07, 0.028007
6.885118e-07, 0.027563
6.887118e-07, 0.026951
6.889118e-07, 0.027896
6.891118e-07, 0.029481
6.893117e-07, 0.030203
6.895117e-07, 0.030481
6.897117e-07, 0.031676
6.899118e-07, 0.031315
6.901118e-07, 0.030620
6.903118e-07, 0.031343
6.905118e-07, 0.029981
6.907117e-07, 0.029953
6.909117e-07, 0.029119
6.911117e-07, 0.028647
6.913118e-07, 0.028647
6.915118e-07, 0.028952
6.917118e-07, 0.029147
6.919118e-07, 0.029314
6.921117e-07, 0.029675
6.923117e-07, 0.028535
6.925117e-07, 0.025839
6.927118e-07, 0.027702
6.929118e-07, 0.026979
6.931118e-07, 0.026590
6.933118e-07, 0.027257
6.935117e-07, 0.027785
6.937117e-07, 0.029481
6.939117e-07, 0.029758
6.941118e-07, 0.028897
6.943118e-07, 0.028119
6.945118e-07, 0.026034
6.947118e-07, 0.026479
6.949117e-07, 0.024811
6.951117e-07, 0.024338
6.953117e-07, 0.023393
6.955118e-07, 0.024978
6.957118e-07, 0.026784
6.959118e-07, 0.027201
6.961118e-07, 0.026618
6.963117e-07, 0.024811
6.965117e-07, 0.019419
6.967117e-07, 0.016584
6.969118e-07, 0.015972
6.971118e-07, 0.018112
6.973118e-07, 0.020503
6.975118e-07, 0.023088
6.977118e-07, 0.026590
6.979117e-07, 0.032594
6.981117e-07, 0.031009
6.983118e-07, 0.024922
6.985118e-07, 0.023532
6.987118e-07, 0.024783
6.989118e-07, 0.022615
6.991118e-07, 0.019919
6.993117e-07, 0.019836
6.995117e-07, 0.021809
6.997118e-07, 0.023282
6.999118e-07, 0.022699
7.001118e-07, 0.021781
7.003118e-07, 0.021781
7.005118e-07, 0.019252
7.007117e-07, 0.018085
7.009117e-07, 0.018585
7.011118e-07, 0.016056
7.013118e-07, 0.018835
7.015118e-07, 0.021086
7.017118e-07, 0.021170
7.019118e-07, 0.020586
7.021117e-07, 0.019057
7.023117e-07, 0.017751
7.025118e-07, 0.016806
7.027118e-07, 0.017973
7.029118e-07, 0.018529
7.031118e-07, 0.017223
7.033118e-07, 0.017195
7.035117e-07, 0.016973
7.037117e-07, 0.017556
7.039118e-07, 0.017223
7.041118e-07, 0.015917
7.043118e-07, 0.015138
7.045118e-07, 0.014388
7.047118e-07, 0.014027
7.049117e-07, 0.014360
7.051117e-07, 0.014082
7.053118e-07, 0.012637
7.055118e-07, 0.013109
7.057118e-07, 0.014221
7.059118e-07, 0.014972
7.061118e-07, 0.014304
7.063117e-07, 0.013332
7.065117e-07, 0.012109
7.067118e-07, 0.012025
7.069118e-07, 0.011414
7.071118e-07, 0.009691
7.073118e-07, 0.009829
7.075118e-07, 0.011219
7.077117e-07, 0.010719
7.079117e-07, 0.011692
7.081118e-07, 0.010886
7.083118e-07, 0.009329
7.085118e-07, 0.009162
7.087118e-07, 0.007328
7.089118e-07, 0.007439
7.091117e-07, 0.007884
7.093117e-07, 0.008968
7.095118e-07, 0.008996
7.097118e-07, 0.008078
7.099118e-07, 0.008940
7.101118e-07, 0.008356
7.103118e-07, 0.007523
7.105117e-07, 0.007884
7.107117e-07, 0.005410
7.109117e-07, 0.002881
7.111118e-07, 0.005243
7.113118e-07, 0.006911
7.115118e-07, 0.010691
7.117118e-07, 0.011581
7.119117e-07, 0.010330
7.121117e-07, 0.009468
7.123117e-07, 0.007217
7.125118e-07, 0.003437
7.127118e-07, 0.008662
7.129118e-07, 0.013804
7.131118e-07, 0.015277
7.133117e-07, 0.017807
7.135117e-07, 0.018335
7.137117e-07, 0.020197
7.139118e-07, 0.018585
7.141118e-07, 0.017501
7.143118e-07, 0.019113
7.145118e-07, 0.020447
7.147117e-07, 0.019752
7.149117e-07, 0.017695
7.151117e-07, 0.017807
7.153118e-07, 0.018918
7.155118e-07, 0.019391
7.157118e-07, 0.020920
7.159118e-07, 0.021059
7.161117e-07, 0.022337
7.163117e-07, 0.021642
7.165117e-07, 0.019975
7.167118e-07, 0.019419
7.169118e-07, 0.020586
7.171118e-07, 0.022421
7.173118e-07, 0.024505
7.175117e-07, 0.025478
7.177117e-07, 0.027118
7.179117e-07, 0.027646
7.181118e-07, 0.028841
7.183118e-07, 0.028758
7.185118e-07, 0.028841
7.187118e-07, 0.030981
7.189117e-07, 0.029842
7.191117e-07, 0.029786
7.193117e-07, 0.031315
7.195118e-07, 0.031426
7.197118e-07, 0.032177
7.199118e-07, 0.032482
7.201118e-07, 0.032566
7.203117e-07, 0.032177
7.205117e-07, 0.030509
7.207117e-07, 0.030842
7.209118e-07, 0.030954
7.211118e-07, 0.029147
7.213118e-07, 0.030092
7.215118e-07, 0.030815
7.217117e-07, 0.031537
7.219117e-07, 0.029397
7.221117e-07, 0.029175
7.223118e-07, 0.029453
7.225118e-07, 0.027868
7.227118e-07, 0.027424
7.229118e-07, 0.027479
7.231117e-07, 0.028035
7.233117e-07, 0.026423
7.235117e-07, 0.028369
7.237118e-07, 0.028007
7.239118e-07, 0.028035
7.241118e-07, 0.027980
7.243118e-07, 0.026451
7.245117e-07, 0.026506
7.247117e-07, 0.026812
7.249117e-07, 0.025339
7.251118e-07, 0.022059
7.253118e-07, 0.023032
7.255118e-07, 0.022504
7.257118e-07, 0.024283
7.259118e-07, 0.026673
7.261117e-07, 0.025839
7.263117e-07, 0.023866
7.265118e-07, 0.020725
7.267118e-07, 0.016639
7.269118e-07, 0.016584
7.271118e-07, 0.018168
7.273118e-07, 0.019113
7.275117e-07, 0.022365
7.277117e-07, 0.025617
7.279118e-07, 0.030759
7.281118e-07, 0.030898
7.283118e-07, 0.026534
7.285118e-07, 0.024366
7.287118e-07, 0.023032
7.289117e-07, 0.022810
7.291117e-07, 0.020642
7.293118e-07, 0.020086
7.295118e-07, 0.020280
7.297118e-07, 0.022448
7.299118e-07, 0.023366
7.301118e-07, 0.023810
7.303117e-07, 0.022865
7.305117e-07, 0.020642
7.307118e-07, 0.019196
7.309118e-07, 0.019502
7.311118e-07, 0.017640
7.313118e-07, 0.018640
7.315118e-07, 0.019669
7.317117e-07, 0.020920
7.319117e-07, 0.021531
7.321118e-07, 0.020864
7.323118e-07, 0.018363
7.325118e-07, 0.016417
7.327118e-07, 0.016222
7.329118e-07, 0.017529
7.331117e-07, 0.017529
7.333117e-07, 0.018696
7.335118e-07, 0.017584
7.337118e-07, 0.017279
7.339118e-07, 0.016778
7.341118e-07, 0.015361
7.343118e-07, 0.014805
7.345117e-07, 0.014471
7.347117e-07, 0.013471
7.349118e-07, 0.014054
7.351118e-07, 0.013137
7.353118e-07, 0.013109
7.355118e-07, 0.013359
7.357118e-07, 0.015611
7.359117e-07, 0.014360
7.361117e-07, 0.013832
7.363118e-07, 0.013693
7.365118e-07, 0.012081
7.367118e-07, 0.011358
7.369118e-07, 0.009552
7.371118e-07, 0.009746
7.373117e-07, 0.009885
7.375117e-07, 0.009413
7.377118e-07, 0.009746
7.379118e-07, 0.010107
7.381118e-07, 0.010747
7.383118e-07, 0.009107
7.385118e-07, 0.007800
7.387117e-07, 0.007106
7.389117e-07, 0.006411
7.391118e-07, 0.006772
7.393118e-07, 0.007022
7.395118e-07, 0.006439
7.397118e-07, 0.006466
7.399118e-07, 0.005216
7.401117e-07, 0.006105
7.403117e-07, 0.007328
7.405118e-07, 0.006188
7.407118e-07, 0.004771
7.409118e-07, 0.002658
7.411118e-07, 0.002686
7.413118e-07, 0.007356
7.415117e-07, 0.010524
7.417117e-07, 0.012025
7.419117e-07, 0.009829
7.421118e-07, 0.008162
7.423118e-07, 0.007189
7.425118e-07, 0.004632
7.427118e-07, 0.006272
7.429117e-07, 0.011247
7.431117e-07, 0.014916
7.433117e-07, 0.015527
7.435118e-07, 0.017140
7.437118e-07, 0.019391
7.439118e-07, 0.018724
7.441118e-07, 0.017418
7.443117e-07, 0.018057
7.445117e-07, 0.018140
7.447117e-07, 0.014972
7.449118e-07, 0.014027
7.451118e-07, 0.014805
7.453118e-07, 0.015555
7.455118e-07, 0.016639
7.457117e-07, 0.017807
7.459117e-07, 0.018001
7.461117e-07, 0.018752
7.463118e-07, 0.018974
7.465118e-07, 0.018335
7.467118e-07, 0.017640
7.469118e-07, 0.016167
7.471117e-07, 0.017695
7.473117e-07, 0.020447
7.475117e-07, 0.022254
7.477118e-07, 0.022949
7.479118e-07, 0.023560
7.481118e-07, 0.024867
7.483118e-07, 0.026256
7.485117e-07, 0.027980
7.487117e-07, 0.027980
7.489117e-07, 0.029091
7.491118e-07, 0.028813
7.493118e-07, 0.030481
7.495118e-07, 0.031204
7.497118e-07, 0.029897
7.499117e-07, 0.030259
7.501117e-07, 0.030231
7.503117e-07, 0.030036
7.505118e-07, 0.030676
7.507118e-07, 0.030175
7.509118e-07, 0.028091
7.511118e-07, 0.029230
7.513117e-07, 0.029981
7.515117e-07, 0.029481
7.517117e-07, 0.030064
7.519118e-07, 0.029897
7.521118e-07, 0.029786
7.523118e-07, 0.029453
7.525118e-07, 0.027813
7.527117e-07, 0.027396
7.529117e-07, 0.026784
7.531117e-07, 0.026479
7.533118e-07, 0.027174
7.535118e-07, 0.028647
7.537118e-07, 0.028424
7.539118e-07, 0.027007
7.541118e-07, 0.027174
7.543117e-07, 0.028119
7.545117e-07, 0.026673
7.547118e-07, 0.026534
7.549118e-07, 0.025200
7.551118e-07, 0.024728
7.553118e-07, 0.025311
7.555118e-07, 0.025839
7.557117e-07, 0.027424
7.559117e-07, 0.028174
7.561118e-07, 0.027451
7.563118e-07, 0.025756
7.565118e-07, 0.020947
7.567118e-07, 0.016556
7.569118e-07, 0.016389
7.571117e-07, 0.016834
7.573117e-07, 0.020475
7.575118e-07, 0.022838
7.577118e-07, 0.024755
7.579118e-07, 0.029258
7.581118e-07, 0.033038
7.583118e-07, 0.028174
7.585117e-07, 0.024950
7.587117e-07, 0.023783
7.589118e-07, 0.022170
7.591118e-07, 0.021281
7.593118e-07, 0.020197
7.595118e-07, 0.021170
7.597118e-07, 0.022921
7.599117e-07, 0.023755
7.601117e-07, 0.024033
7.603118e-07, 0.023421
7.605118e-07, 0.020808
7.607118e-07, 0.019057
7.609118e-07, 0.018446
7.611118e-07, 0.018529
7.613117e-07, 0.018418
7.615117e-07, 0.020586
7.617118e-07, 0.022699
7.619118e-07, 0.021559
7.621118e-07, 0.021281
7.623118e-07, 0.019196
7.625118e-07, 0.017695
7.627117e-07, 0.016000
7.629117e-07, 0.016889
7.631118e-07, 0.018529
7.633118e-07, 0.018502
7.635118e-07, 0.017251
7.637118e-07, 0.017223
7.639118e-07, 0.017362
7.641117e-07, 0.018029
7.643117e-07, 0.016528
7.645118e-07, 0.015333
7.647118e-07, 0.014471
7.649118e-07, 0.013359
7.651118e-07, 0.012442
7.653118e-07, 0.012970
7.655117e-07, 0.013498
7.657117e-07, 0.013693
7.659118e-07, 0.015194
7.661118e-07, 0.013526
7.663118e-07, 0.014054
7.665118e-07, 0.013054
7.667118e-07, 0.012387
7.669117e-07, 0.011191
7.671117e-07, 0.009385
7.673118e-07, 0.009496
7.675118e-07, 0.008718
7.677118e-07, 0.010330
7.679118e-07, 0.010524
7.681118e-07, 0.011664
7.683117e-07, 0.010691
7.685117e-07, 0.008440
7.687118e-07, 0.007828
7.689118e-07, 0.007189
7.691118e-07, 0.008412
7.693118e-07, 0.009107
7.695118e-07, 0.007745
7.697117e-07, 0.007967
7.699117e-07, 0.008356
7.701118e-07, 0.008217
7.703118e-07, 0.008968
7.705118e-07, 0.007606
7.707118e-07, 0.006772
7.709118e-07, 0.003854
7.711117e-07, 0.003965
7.713117e-07, 0.006939
7.715117e-07, 0.011080
7.717118e-07, 0.013332
7.719118e-07, 0.010913
7.721118e-07, 0.009107
7.723118e-07, 0.008329
7.725117e-07, 0.005827
7.727117e-07, 0.008440
7.729117e-07, 0.013248
7.731118e-07, 0.015750
7.733118e-07, 0.017084
7.735118e-07, 0.017612
7.737118e-07, 0.019919
7.739117e-07, 0.020892
7.741117e-07, 0.018918
7.743117e-07, 0.019780
7.745118e-07, 0.019808
7.747118e-07, 0.018502
7.749118e-07, 0.016417
7.751118e-07, 0.017695
7.753117e-07, 0.018696
7.755117e-07, 0.019169
7.757117e-07, 0.020225
7.759118e-07, 0.021114
7.761118e-07, 0.021281
7.763118e-07, 0.021948
7.765118e-07, 0.019808
7.767117e-07, 0.020503
7.769117e-07, 0.022532
7.771117e-07, 0.022838
7.773118e-07, 0.023783
7.775118e-07, 0.026645
7.777118e-07, 0.027479
7.779118e-07, 0.027785
7.781117e-07, 0.029036
7.783117e-07, 0.029619
7.785117e-07, 0.030148
7.787118e-07, 0.030481
7.789118e-07, 0.031148
7.791118e-07, 0.030648
7.793118e-07, 0.032038
7.795117e-07, 0.031565
7.797117e-07, 0.032705
7.799117e-07, 0.033594
7.801118e-07, 0.033539
7.803118e-07, 0.032010
7.805118e-07, 0.030759
7.807118e-07, 0.029481
7.809117e-07, 0.029230
7.811117e-07, 0.029870
7.813117e-07, 0.029369
7.815118e-07, 0.031593
7.817118e-07, 0.030620
7.819118e-07, 0.030231
7.821118e-07, 0.030287
7.823118e-07, 0.028563
7.825117e-07, 0.029397
7.827117e-07, 0.028146
7.829118e-07, 0.026479
7.831118e-07, 0.027007
7.833118e-07, 0.026757
7.835118e-07, 0.027590
7.837118e-07, 0.028424
7.839117e-07, 0.028674
7.841117e-07, 0.026896
7.843118e-07, 0.025478
7.845118e-07, 0.026228
7.847118e-07, 0.025867
7.849118e-07, 0.025673
7.851118e-07, 0.022893
7.853117e-07, 0.022810
7.855117e-07, 0.023477
7.857118e-07, 0.025144
7.859118e-07, 0.027035
7.861118e-07, 0.028202
7.863118e-07, 0.026562
7.865118e-07, 0.023088
7.867117e-07, 0.017862
7.869117e-07, 0.017223
7.871118e-07, 0.017946
7.873118e-07, 0.020114
7.875118e-07, 0.020503
7.877118e-07, 0.023699
7.879118e-07, 0.028007
7.881117e-07, 0.031760
7.883117e-07, 0.027813
7.885118e-07, 0.024978
7.887118e-07, 0.024172
7.889118e-07, 0.023644
7.891118e-07, 0.021476
7.893118e-07, 0.020614
7.895117e-07, 0.019724
7.897117e-07, 0.022865
7.899118e-07, 0.024561
7.901118e-07, 0.023004
7.903118e-07, 0.022337
7.905118e-07, 0.021031
7.907118e-07, 0.018640
7.909117e-07, 0.018807
7.911117e-07, 0.019947
7.913118e-07, 0.018640
7.915118e-07, 0.019724
7.917118e-07, 0.022115
7.919118e-07, 0.022059
7.921118e-07, 0.020642
7.923117e-07, 0.019419
7.925117e-07, 0.015889
7.927118e-07, 0.016556
7.929118e-07, 0.017140
7.931118e-07, 0.016667
7.933118e-07, 0.016917
7.935118e-07, 0.017723
7.937117e-07, 0.018057
7.939117e-07, 0.017890
7.941118e-07, 0.017167
7.943118e-07, 0.016389
7.945118e-07, 0.015639
7.947118e-07, 0.015111
7.949118e-07, 0.014527
7.951117e-07, 0.013693
7.953117e-07, 0.014499
7.955118e-07, 0.014443
7.957118e-07, 0.014999
7.959118e-07, 0.015277
7.961118e-07, 0.014527
7.963118e-07, 0.014027
7.965117e-07, 0.011497
7.967117e-07, 0.010413
7.969118e-07, 0.010469
7.971118e-07, 0.010135
7.973118e-07, 0.009496
7.975118e-07, 0.010052
7.977118e-07, 0.010663
7.979117e-07, 0.011497
7.981117e-07, 0.011775
7.983118e-07, 0.010163
7.985118e-07, 0.008968
7.987118e-07, 0.008495
7.989118e-07, 0.008440
7.991118e-07, 0.008273
7.993117e-07, 0.008718
7.995117e-07, 0.007939
7.997118e-07, 0.007467
7.999118e-07, 0.006133
8.001118e-07, 0.007356
8.003118e-07, 0.008190
8.005118e-07, 0.007912
8.007117e-07, 0.007272
8.009117e-07, 0.005021
8.011118e-07, 0.003548
8.013118e-07, 0.005966
8.015118e-07, 0.009691
8.017118e-07, 0.011692
8.019118e-07, 0.010163
8.021117e-07, 0.010274
8.023117e-07, 0.009496
8.025117e-07, 0.006133
8.027118e-07, 0.006105
8.029118e-07, 0.010719
8.031118e-07, 0.014499
8.033118e-07, 0.014277
8.035117e-07, 0.015222
8.037117e-07, 0.018640
8.039117e-07, 0.019836
8.041118e-07, 0.017807
8.043118e-07, 0.017918
8.045118e-07, 0.019169
8.047118e-07, 0.018196
8.049117e-07, 0.016306
8.051117e-07, 0.015694
8.053117e-07, 0.017834
8.055118e-07, 0.017556
8.057118e-07, 0.018140
8.059118e-07, 0.018974
8.061118e-07, 0.019391
8.063117e-07, 0.019724
8.065117e-07, 0.018140
8.067117e-07, 0.017890
8.069118e-07, 0.016806
8.071118e-07, 0.018529
8.073118e-07, 0.019169
8.075118e-07, 0.021253
8.077117e-07, 0.024394
8.079117e-07, 0.024867
8.081117e-07, 0.024199
8.083118e-07, 0.025172
8.085118e-07, 0.026395
8.087118e-07, 0.026951
8.089118e-07, 0.027396
8.091117e-07, 0.026618
8.093117e-07, 0.028619
8.095117e-07, 0.028591
8.097118e-07, 0.028897
8.099118e-07, 0.029036
8.101118e-07, 0.029870
8.103118e-07, 0.029647
8.105118e-07, 0.028535
8.107117e-07, 0.029675
8.109117e-07, 0.027646
8.111118e-07, 0.028119
8.113118e-07, 0.028313
8.115118e-07, 0.028980
8.117118e-07, 0.029842
8.119118e-07, 0.030259
8.121117e-07, 0.029842
8.123117e-07, 0.028952
8.125118e-07, 0.028647
8.127118e-07, 0.026979
8.129118e-07, 0.026451
8.131118e-07, 0.027896
8.133118e-07, 0.027257
8.135117e-07, 0.029147
8.137117e-07, 0.029064
8.139118e-07, 0.027674
8.141118e-07, 0.027479
8.143118e-07, 0.027201
8.145118e-07, 0.027229
8.147118e-07, 0.026423
8.149117e-07, 0.025033
8.151117e-07, 0.023254
8.153118e-07, 0.022004
8.155118e-07, 0.023810
8.157118e-07, 0.025450
8.159118e-07, 0.026673
8.161118e-07, 0.027646
8.163117e-07, 0.026923
8.165117e-07, 0.023282
8.167118e-07, 0.019030
8.169118e-07, 0.016306
8.171118e-07, 0.016556
8.173118e-07, 0.019586
8.175118e-07, 0.022031
8.177117e-07, 0.024283
8.179117e-07, 0.027757
8.181118e-07, 0.032427
8.183118e-07, 0.030703
8.185118e-07, 0.025450
8.187118e-07, 0.024227
8.189118e-07, 0.023894
8.191117e-07, 0.022949
8.193117e-07, 0.020030
8.195118e-07, 0.020475
8.197118e-07, 0.022337
8.199118e-07, 0.022726
8.201118e-07, 0.022254
8.203118e-07, 0.022059
8.205117e-07, 0.021392
8.207117e-07, 0.018613
8.209118e-07, 0.017779
8.211118e-07, 0.018585
8.213118e-07, 0.018640
8.215118e-07, 0.018696
8.217118e-07, 0.020864
8.219117e-07, 0.022254
8.221117e-07, 0.021920
8.223118e-07, 0.018863
8.225118e-07, 0.016528
8.227118e-07, 0.016417
8.229118e-07, 0.015583
8.231118e-07, 0.016472
8.233117e-07, 0.016556
8.235117e-07, 0.016862
8.237118e-07, 0.016361
8.239118e-07, 0.016611
8.241118e-07, 0.016917
8.243118e-07, 0.016806
8.245118e-07, 0.015250
8.247117e-07, 0.014221
8.249117e-07, 0.014499
8.251118e-07, 0.013415
8.253118e-07, 0.014138
8.255118e-07, 0.014221
8.257118e-07, 0.014332
8.259118e-07, 0.014805
8.261117e-07, 0.015805
8.263117e-07, 0.014721
8.265118e-07, 0.014221
8.267118e-07, 0.013332
8.269118e-07, 0.009718
8.271118e-07, 0.009162
8.273118e-07, 0.009051
8.275117e-07, 0.007939
8.277117e-07, 0.009357
8.279118e-07, 0.010385
8.281118e-07, 0.010802
8.283118e-07, 0.010997
8.285118e-07, 0.010413
8.287118e-07, 0.009413
8.289117e-07, 0.008579
8.291117e-07, 0.007300
8.293118e-07, 0.010330
8.295118e-07, 0.007884
8.297118e-07, 0.007078
8.299118e-07, 0.007467
8.301118e-07, 0.008051
8.303117e-07, 0.008106
8.305117e-07, 0.007689
8.307118e-07, 0.006772
8.309118e-07, 0.003464
8.311118e-07, 0.002909
8.313118e-07, 0.005605
8.315118e-07, 0.009162
8.317117e-07, 0.011497
8.319117e-07, 0.010330
8.321117e-07, 0.009968
8.323118e-07, 0.008718
8.325118e-07, 0.006661
8.327118e-07, 0.005355
8.329118e-07, 0.009135
8.331117e-07, 0.012859
8.333117e-07, 0.014193
8.335117e-07, 0.016056
8.337118e-07, 0.017668
8.339118e-07, 0.019419
8.341118e-07, 0.018390
8.343118e-07, 0.017501
8.345117e-07, 0.019919
8.347117e-07, 0.018891
8.349117e-07, 0.016222
8.351118e-07, 0.017001
8.353118e-07, 0.018613
8.355118e-07, 0.018057
8.357118e-07, 0.019947
8.359117e-07, 0.020725
8.361117e-07, 0.020670
8.363117e-07, 0.020197
8.365118e-07, 0.020920
8.367118e-07, 0.019113
8.369118e-07, 0.018251
8.371118e-07, 0.019752
8.373117e-07, 0.022643
8.375117e-07, 0.024783
8.377117e-07, 0.026256
8.379118e-07, 0.026923
8.381118e-07, 0.028341
8.383118e-07, 0.029203
8.385118e-07, 0.028508
8.387118e-07, 0.028897
8.389117e-07, 0.028591
8.391117e-07, 0.029953
8.393118e-07, 0.030036
8.395118e-07, 0.030120
8.397118e-07, 0.031732
8.399118e-07, 0.032065
8.401118e-07, 0.032399
8.403117e-07, 0.031371
8.405117e-07, 0.030342
8.407118e-07, 0.031232
8.409118e-07, 0.029647
8.411118e-07, 0.029036
8.413118e-07, 0.029508
8.415118e-07, 0.029064
8.417117e-07, 0.029981
8.419117e-07, 0.031287
8.421118e-07, 0.030398
8.423118e-07, 0.030565
8.425118e-07, 0.029230
8.427118e-07, 0.028035
8.429118e-07, 0.027674
8.431117e-07, 0.026590
8.433117e-07, 0.026201
8.435118e-07, 0.027396
8.437118e-07, 0.028035
8.439118e-07, 0.027174
8.441118e-07, 0.027674
8.443118e-07, 0.029036
8.445117e-07, 0.026979
8.447117e-07, 0.025450
8.449118e-07, 0.025367
8.451118e-07, 0.024199
8.453118e-07, 0.023894
8.455118e-07, 0.023310
8.457118e-07, 0.024060
8.459117e-07, 0.026701
8.461117e-07, 0.025422
8.463118e-07, 0.024672
8.465118e-07, 0.023171
8.467118e-07, 0.019391
8.469118e-07, 0.015472
8.471118e-07, 0.015138
8.473117e-07, 0.017223
8.475117e-07, 0.018918
8.477118e-07, 0.022031
8.479118e-07, 0.026284
8.481118e-07, 0.030509
8.483118e-07, 0.030398
8.485118e-07, 0.023977
8.487117e-07, 0.022504
8.489117e-07, 0.022893
8.491118e-07, 0.022115
8.493118e-07, 0.020308
8.495118e-07, 0.019919
8.497118e-07, 0.021809
8.499118e-07, 0.022282
8.501117e-07, 0.022337
8.503117e-07, 0.021059
8.505118e-07, 0.020975
8.507118e-07, 0.018474
8.509118e-07, 0.016250
8.511118e-07, 0.017529
8.513118e-07, 0.017056
8.515117e-07, 0.017390
8.517117e-07, 0.020670
8.519118e-07, 0.021281
8.521118e-07, 0.021003
8.523118e-07, 0.019335
8.525118e-07, 0.018057
8.527118e-07, 0.017195
8.529117e-07, 0.016695
8.531117e-07, 0.016445
8.533118e-07, 0.017695
8.535118e-07, 0.017834
8.537118e-07, 0.017723
8.539118e-07, 0.018140
8.541118e-07, 0.017973
8.543117e-07, 0.016389
8.545117e-07, 0.014972
8.547118e-07, 0.014249
8.549118e-07, 0.012943
8.551118e-07, 0.012692
8.553118e-07, 0.013026
8.555118e-07, 0.013109
8.557117e-07, 0.013026
8.559117e-07, 0.014944
8.561118e-07, 0.015166
8.563118e-07, 0.014860
8.565118e-07, 0.013276
8.567118e-07, 0.010608
8.569118e-07, 0.009496
8.571117e-07, 0.008996
8.573117e-07, 0.009413
8.575118e-07, 0.008857
8.577118e-07, 0.009496
8.579118e-07, 0.010441
8.581118e-07, 0.011025
8.583118e-07, 0.010524
8.585117e-07, 0.008384
8.587117e-07, 0.007912
8.589118e-07, 0.007856
8.591118e-07, 0.007550
8.593118e-07, 0.007689
8.595118e-07, 0.007912
8.597118e-07, 0.005938
8.599117e-07, 0.006161
8.601117e-07, 0.007022
8.603118e-07, 0.006272
8.605118e-07, 0.006272
8.607118e-07, 0.006716
8.609118e-07, 0.005271
8.611118e-07, 0.003687
8.613117e-07, 0.003798
8.615117e-07, 0.005883
8.617118e-07, 0.010524
8.619118e-07, 0.011497
8.621118e-07, 0.009718
8.623118e-07, 0.008829
8.625118e-07, 0.007411
8.627117e-07, 0.004993
8.629117e-07, 0.009718
8.631117e-07, 0.016056
8.633118e-07, 0.016306
8.635118e-07, 0.016306
8.637118e-07, 0.016806
8.639118e-07, 0.019502
8.641117e-07, 0.018168
8.643117e-07, 0.016667
8.645117e-07, 0.018279
8.647118e-07, 0.019863
8.649118e-07, 0.017501
8.651118e-07, 0.014777
8.653118e-07, 0.015917
8.655117e-07, 0.016083
8.657117e-07, 0.017140
8.659117e-07, 0.019169
8.661118e-07, 0.019308
8.663118e-07, 0.017640
8.665118e-07, 0.017973
8.667118e-07, 0.016778
8.669118e-07, 0.016973
8.671117e-07, 0.017445
8.673117e-07, 0.019975
8.675118e-07, 0.021281
8.677118e-07, 0.021670
8.679118e-07, 0.022726
8.681118e-07, 0.022754
8.683118e-07, 0.023644
8.685117e-07, 0.025561
8.687117e-07, 0.026868
8.689118e-07, 0.027312
8.691118e-07, 0.027257
8.693118e-07, 0.028091
8.695118e-07, 0.029203
8.697118e-07, 0.029369
8.699117e-07, 0.029091
8.701117e-07, 0.029425
8.703118e-07, 0.028674
8.705118e-07, 0.028230
8.707118e-07, 0.028619
8.709118e-07, 0.028786
8.711118e-07, 0.027424
8.713117e-07, 0.026896
8.715117e-07, 0.027535
8.717118e-07, 0.029786
8.719118e-07, 0.029064
8.721118e-07, 0.028841
8.723118e-07, 0.030009
8.725118e-07, 0.029258
8.727117e-07, 0.027702
8.729117e-07, 0.025784
8.731118e-07, 0.026173
8.733118e-07, 0.027118
8.735118e-07, 0.026479
8.737118e-07, 0.028563
8.739118e-07, 0.028869
8.741117e-07, 0.027507
8.743117e-07, 0.026590
8.745118e-07, 0.026117
8.747118e-07, 0.026590
8.749118e-07, 0.026729
8.751118e-07, 0.024644
8.753118e-07, 0.022504
8.755117e-07, 0.022115
8.757117e-07, 0.024060
8.759118e-07, 0.026729
8.761118e-07, 0.026757
8.763118e-07, 0.026367
8.765118e-07, 0.024283
8.767118e-07, 0.020308
8.769117e-07, 0.017334
8.771117e-07, 0.016639
8.773118e-07, 0.017028
8.775118e-07, 0.021086
8.777118e-07, 0.022976
8.779118e-07, 0.025867
8.781118e-07, 0.031204
8.783117e-07, 0.030954
8.785117e-07, 0.025534
8.787118e-07, 0.024894
8.789118e-07, 0.024283
8.791118e-07, 0.023755
8.793118e-07, 0.022031
8.795118e-07, 0.020475
8.797117e-07, 0.020419
8.799117e-07, 0.021003
8.801118e-07, 0.022532
8.803118e-07, 0.022699
8.805118e-07, 0.021587
8.807118e-07, 0.020141
8.809118e-07, 0.018613
8.811117e-07, 0.018585
8.813117e-07, 0.017529
8.815118e-07, 0.016945
8.817118e-07, 0.019891
8.819118e-07, 0.020558
8.821118e-07, 0.019947
8.823118e-07, 0.019447
8.825117e-07, 0.016945
8.827117e-07, 0.015305
8.829118e-07, 0.014694
8.831118e-07, 0.016667
8.833118e-07, 0.017390
8.835118e-07, 0.016334
8.837118e-07, 0.015639
8.839117e-07, 0.015889
8.841117e-07, 0.015722
8.843118e-07, 0.015833
8.845118e-07, 0.015722
8.847118e-07, 0.014166
8.849118e-07, 0.014777
8.851118e-07, 0.013276
8.853117e-07, 0.012581
8.855117e-07, 0.014110
8.857118e-07, 0.014666
8.859118e-07, 0.015111
8.861118e-07, 0.015889
8.863118e-07, 0.014666
8.865118e-07, 0.013804
8.867117e-07, 0.012136
8.869117e-07, 0.010886
8.871118e-07, 0.011052
8.873118e-07, 0.010441
8.875118e-07, 0.010913
8.877118e-07, 0.010385
8.879118e-07, 0.011720
8.881117e-07, 0.011386
8.883117e-07, 0.011914
8.885118e-07, 0.010163
8.887118e-07, 0.008745
8.889118e-07, 0.008468
8.891118e-07, 0.007773
8.893118e-07, 0.009440
8.895117e-07, 0.008495
8.897117e-07, 0.007800
8.899118e-07, 0.007912
8.901118e-07, 0.007856
8.903118e-07, 0.007523
8.905118e-07, 0.006744
8.907118e-07, 0.007773
8.909117e-07, 0.004938
8.911117e-07, 0.003409
8.913118e-07, 0.004493
8.915118e-07, 0.007272
8.917118e-07, 0.011386
8.919118e-07, 0.012136
8.921118e-07, 0.010052
8.923117e-07, 0.009385
8.925117e-07, 0.008912
8.927117e-07, 0.006300
8.929118e-07, 0.008607
8.931118e-07, 0.013248
8.933118e-07, 0.017612
8.935118e-07, 0.018446
8.937117e-07, 0.020364
8.939117e-07, 0.022004
8.941117e-07, 0.020141
8.943118e-07, 0.018946
8.945118e-07, 0.020364
8.947118e-07, 0.021142
8.949118e-07, 0.018418
8.951118e-07, 0.018168
8.953117e-07, 0.018446
8.955117e-07, 0.018224
8.957118e-07, 0.019697
8.959118e-07, 0.021865
8.961118e-07, 0.021865
8.963118e-07, 0.023338
8.965118e-07, 0.021448
8.967117e-07, 0.021086
8.969117e-07, 0.020836
8.971118e-07, 0.021253
8.973118e-07, 0.023644
8.975118e-07, 0.025283
8.977118e-07, 0.027118
8.979118e-07, 0.027896
8.981117e-07, 0.028202
8.983117e-07, 0.029897
8.985118e-07, 0.028702
8.987118e-07, 0.028869
8.989118e-07, 0.030926
8.991118e-07, 0.031871
8.993118e-07, 0.031621
8.995117e-07, 0.030842
8.997117e-07, 0.031037
8.999118e-07, 0.030370
9.001118e-07, 0.032566
9.003118e-07, 0.033288
9.005118e-07, 0.033066
9.007118e-07, 0.031371
9.009117e-07, 0.031120
9.011117e-07, 0.029564
9.013118e-07, 0.030592
9.015118e-07, 0.031259
9.017118e-07, 0.031287
9.019118e-07, 0.031426
9.021118e-07, 0.030565
9.023117e-07, 0.029230
9.025117e-07, 0.029592
9.027118e-07, 0.028007
9.029118e-07, 0.028035
9.031118e-07, 0.026868
9.033118e-07, 0.025228
9.035118e-07, 0.026840
9.037117e-07, 0.028146
9.039117e-07, 0.028813
9.041118e-07, 0.027479
9.043118e-07, 0.027229
9.045118e-07, 0.027257
9.047118e-07, 0.026062
9.049118e-07, 0.025756
9.051117e-07, 0.026145
9.053117e-07, 0.023977
9.055118e-07, 0.023393
9.057118e-07, 0.024033
9.059118e-07, 0.026284
9.061118e-07, 0.028174
9.063118e-07, 0.026451
9.065117e-07, 0.024589
9.067117e-07, 0.021281
9.069118e-07, 0.017251
9.071118e-07, 0.017418
9.073118e-07, 0.017973
9.075118e-07, 0.019057
9.077118e-07, 0.021420
9.079117e-07, 0.024755
9.081117e-07, 0.029564
9.083118e-07, 0.031426
9.085118e-07, 0.027007
9.087118e-07, 0.024311
9.089118e-07, 0.022865
9.091118e-07, 0.022226
9.093117e-07, 0.021809
9.095117e-07, 0.020308
9.097118e-07, 0.019947
9.099118e-07, 0.022532
9.101118e-07, 0.022448
9.103118e-07, 0.021892
9.105118e-07, 0.021642
9.107117e-07, 0.018224
9.109117e-07, 0.018279
9.111118e-07, 0.019447
9.113118e-07, 0.018390
9.115118e-07, 0.018446
9.117118e-07, 0.020531
9.119118e-07, 0.021003
9.121117e-07, 0.022504
9.123117e-07, 0.022448
9.125118e-07, 0.019057
9.127118e-07, 0.018140
9.129118e-07, 0.016639
9.131118e-07, 0.015805
9.133118e-07, 0.016584
9.135117e-07, 0.016389
9.137117e-07, 0.016806
9.139118e-07, 0.017084
9.141118e-07, 0.016639
9.143118e-07, 0.015972
9.145118e-07, 0.014638
9.147118e-07, 0.014555
9.149117e-07, 0.014416
9.151117e-07, 0.013888
9.153118e-07, 0.012526
9.155118e-07, 0.013554
9.157118e-07, 0.013999
9.159118e-07, 0.015111
9.161118e-07, 0.016167
9.163117e-07, 0.015166
9.165117e-07, 0.013971
9.167118e-07, 0.012581
9.169118e-07, 0.011442
9.171118e-07, 0.010052
9.173118e-07, 0.009885
9.175118e-07, 0.010191
9.177117e-07, 0.009857
9.179117e-07, 0.009718
9.181118e-07, 0.011386
9.183118e-07, 0.011942
9.185118e-07, 0.010302
9.187118e-07, 0.008301
9.189118e-07, 0.006272
9.191117e-07, 0.006772
9.193117e-07, 0.008857
9.195118e-07, 0.008857
9.197118e-07, 0.007967
9.199118e-07, 0.006828
9.201118e-07, 0.007161
9.203118e-07, 0.007328
9.205117e-07, 0.007578
9.207117e-07, 0.006494
9.209118e-07, 0.004938
9.211118e-07, 0.003131
9.213118e-07, 0.003131
9.215118e-07, 0.005243
9.217118e-07, 0.008718
9.219117e-07, 0.010747
9.221117e-07, 0.009913
9.223118e-07, 0.008551
9.225118e-07, 0.007133
9.227118e-07, 0.005327
9.229118e-07, 0.006411
9.231118e-07, 0.011330
9.233118e-07, 0.013610
9.235117e-07, 0.014694
9.237117e-07, 0.017084
9.239118e-07, 0.017695
9.241118e-07, 0.017612
9.243118e-07, 0.016528
9.245118e-07, 0.017112
9.247118e-07, 0.019085
9.249117e-07, 0.016750
9.251117e-07, 0.013971
9.253118e-07, 0.015027
9.255118e-07, 0.016500
9.257118e-07, 0.016862
9.259118e-07, 0.017362
9.261118e-07, 0.017973
9.263117e-07, 0.019919
9.265117e-07, 0.019335
9.267118e-07, 0.018196
9.269118e-07, 0.017140
9.271118e-07, 0.016695
9.273118e-07, 0.017862
9.275118e-07, 0.019669
9.277117e-07, 0.022782
9.279117e-07, 0.022976
9.281118e-07, 0.022782
9.283118e-07, 0.023310
9.285118e-07, 0.024783
9.287118e-07, 0.025756
9.289118e-07, 0.026395
9.291117e-07, 0.027174
9.293117e-07, 0.027813
9.295118e-07, 0.028202
9.297118e-07, 0.029814
9.299118e-07, 0.029508
9.301118e-07, 0.030398
9.303118e-07, 0.030703
9.305118e-07, 0.029953
9.307118e-07, 0.028897
9.309118e-07, 0.028424
9.311117e-07, 0.029258
9.313117e-07, 0.027396
9.315117e-07, 0.027035
9.317117e-07, 0.028313
9.319117e-07, 0.028674
9.321117e-07, 0.030175
9.323118e-07, 0.029925
9.325118e-07, 0.029258
9.327118e-07, 0.027368
9.329118e-07, 0.026090
9.331118e-07, 0.025534
9.333118e-07, 0.026423
9.335118e-07, 0.027590
9.337118e-07, 0.027785
9.339117e-07, 0.029342
9.341117e-07, 0.028702
9.343117e-07, 0.027618
9.345117e-07, 0.027451
9.347117e-07, 0.027980
9.349117e-07, 0.026479
9.351118e-07, 0.025728
9.353118e-07, 0.023866
9.355118e-07, 0.022893
9.357118e-07, 0.025033
9.359118e-07, 0.026367
9.361118e-07, 0.027007
9.363118e-07, 0.026562
9.365118e-07, 0.023171
9.367117e-07, 0.022254
9.369117e-07, 0.018085
9.371117e-07, 0.016000
9.373117e-07, 0.017195
9.375117e-07, 0.019057
9.377117e-07, 0.020364
9.379118e-07, 0.021809
9.381118e-07, 0.028925
9.383118e-07, 0.032927
9.385118e-07, 0.028007
9.387118e-07, 0.023449
9.389118e-07, 0.023310
9.391118e-07, 0.022810
9.393118e-07, 0.022226
9.395118e-07, 0.021170
9.397117e-07, 0.019641
9.399117e-07, 0.021476
9.401117e-07, 0.021559
9.403117e-07, 0.021920
9.405117e-07, 0.022504
9.407118e-07, 0.021698
9.409118e-07, 0.018529
9.411118e-07, 0.017668
9.413118e-07, 0.017418
9.415118e-07, 0.017445
9.417118e-07, 0.018918
9.419118e-07, 0.021809
9.421118e-07, 0.022421
9.423118e-07, 0.020558
9.425117e-07, 0.019169
9.427117e-07, 0.016834
9.429117e-07, 0.017028
9.431117e-07, 0.018863
9.433117e-07, 0.017695
9.435118e-07, 0.017612
9.437118e-07, 0.017362
9.439118e-07, 0.017362
9.441118e-07, 0.017640
9.443118e-07, 0.017140
9.445118e-07, 0.014277
9.447118e-07, 0.014416
9.449118e-07, 0.014110
9.451118e-07, 0.012414
9.453117e-07, 0.012720
9.455117e-07, 0.011859
9.457117e-07, 0.012303
9.459117e-07, 0.013888
9.461117e-07, 0.015305
9.463118e-07, 0.015305
9.465118e-07, 0.014999
9.467118e-07, 0.013693
9.469118e-07, 0.011942
9.471118e-07, 0.009385
9.473118e-07, 0.010135
9.475118e-07, 0.009885
9.477118e-07, 0.009607
9.479118e-07, 0.009218
9.481117e-07, 0.009691
9.483117e-07, 0.011747
9.485117e-07, 0.009885
9.487117e-07, 0.007300
9.489117e-07, 0.006633
9.491118e-07, 0.006494
9.493118e-07, 0.007661
9.495118e-07, 0.008190
9.497118e-07, 0.008190
9.499118e-07, 0.006216
9.501118e-07, 0.005744
9.503118e-07, 0.007606
9.505118e-07, 0.007356
9.507118e-07, 0.006605
9.509117e-07, 0.005577
9.511117e-07, 0.004104
9.513117e-07, 0.003909
9.515117e-07, 0.004771
9.517117e-07, 0.009190
9.519118e-07, 0.011108
9.521118e-07, 0.010107
9.523118e-07, 0.010163
9.525118e-07, 0.007689
9.527118e-07, 0.003742
9.529118e-07, 0.005716
9.531118e-07, 0.012275
9.533118e-07, 0.014527
9.535118e-07, 0.015194
9.537117e-07, 0.016945
9.539117e-07, 0.018140
9.541117e-07, 0.018529
9.543117e-07, 0.019169
9.545117e-07, 0.019641
9.547117e-07, 0.020002
9.549118e-07, 0.016556
9.551118e-07, 0.016584
9.553118e-07, 0.017056
9.555118e-07, 0.017251
9.557118e-07, 0.017946
9.559118e-07, 0.018696
9.561118e-07, 0.020892
9.563118e-07, 0.020725
9.565117e-07, 0.019613
9.567117e-07, 0.018668
9.569117e-07, 0.019196
9.571117e-07, 0.019030
9.573117e-07, 0.020336
9.575117e-07, 0.022004
9.577118e-07, 0.024338
9.579118e-07, 0.025756
9.581118e-07, 0.025561
9.583118e-07, 0.026228
9.585118e-07, 0.027090
9.587118e-07, 0.027813
9.589118e-07, 0.027451
9.591118e-07, 0.028619
9.593117e-07, 0.029064
9.595117e-07, 0.029064
9.597117e-07, 0.031315
9.599117e-07, 0.031009
9.601117e-07, 0.031093
9.603117e-07, 0.031009
9.605118e-07, 0.030509
9.607118e-07, 0.030620
9.609118e-07, 0.030926
9.611118e-07, 0.028535
9.613118e-07, 0.028758
9.615118e-07, 0.029036
9.617118e-07, 0.029342
9.619118e-07, 0.029814
9.621117e-07, 0.030537
9.623117e-07, 0.029619
9.625117e-07, 0.028647
9.627117e-07, 0.028063
9.629117e-07, 0.027035
9.631117e-07, 0.027257
9.633118e-07, 0.028119
9.635118e-07, 0.027201
9.637118e-07, 0.027285
9.639118e-07, 0.027813
9.641118e-07, 0.026979
9.643118e-07, 0.026784
9.645118e-07, 0.025700
9.647118e-07, 0.025728
9.649117e-07, 0.025006
9.651117e-07, 0.024311
9.653117e-07, 0.024561
9.655117e-07, 0.022448
9.657117e-07, 0.022838
9.659117e-07, 0.025089
9.661118e-07, 0.025395
9.663118e-07, 0.025839
9.665118e-07, 0.024783
9.667118e-07, 0.022560
9.669118e-07, 0.017306
9.671118e-07, 0.015083
9.673118e-07, 0.017056
9.675118e-07, 0.018974
9.677118e-07, 0.019808
9.679117e-07, 0.022365
9.681117e-07, 0.027674
9.683117e-07, 0.031732
9.685117e-07, 0.028285
9.687117e-07, 0.023922
9.689118e-07, 0.023894
9.691118e-07, 0.022226
9.693118e-07, 0.021559
9.695118e-07, 0.019919
9.697118e-07, 0.019530
9.699118e-07, 0.022421
9.701118e-07, 0.022949
9.703118e-07, 0.022643
9.705118e-07, 0.021726
9.707117e-07, 0.021420
9.709117e-07, 0.019419
9.711117e-07, 0.018057
9.713117e-07, 0.017779
9.715117e-07, 0.018140
9.717118e-07, 0.019613
9.719118e-07, 0.019947
9.721118e-07, 0.022226
9.723118e-07, 0.021837
9.725118e-07, 0.019363
9.727118e-07, 0.017556
9.729118e-07, 0.016500
9.731118e-07, 0.015861
9.733118e-07, 0.017973
9.735117e-07, 0.017973
9.737117e-07, 0.017807
9.739117e-07, 0.017195
9.741117e-07, 0.017445
9.743117e-07, 0.017251
9.745118e-07, 0.015944
9.747118e-07, 0.015388
9.749118e-07, 0.015305
9.751118e-07, 0.014833
9.753118e-07, 0.014110
9.755118e-07, 0.013387
9.757118e-07, 0.013165
9.759118e-07, 0.014221
9.761118e-07, 0.017001
9.763117e-07, 0.015639
9.765117e-07, 0.014721
9.767117e-07, 0.012637
9.769117e-07, 0.010997
