-2.348825e-08, 0.021587
-2.328825e-08, 0.024505
-2.308825e-08, 0.028285
-2.288825e-08, 0.030148
-2.268825e-08, 0.025283
-2.248825e-08, 0.022448
-2.228825e-08, 0.023171
-2.208825e-08, 0.022393
-2.188825e-08, 0.020531
-2.168825e-08, 0.019641
-2.148825e-08, 0.019057
-2.128825e-08, 0.021726
-2.108825e-08, 0.023338
-2.088825e-08, 0.023171
-2.068825e-08, 0.021837
-2.048825e-08, 0.019252
-2.028825e-08, 0.016778
-2.008825e-08, 0.018001
-1.988825e-08, 0.016778
-1.968825e-08, 0.016750
-1.948825e-08, 0.018807
-1.928825e-08, 0.021948
-1.908825e-08, 0.019474
-1.888825e-08, 0.018974
-1.868825e-08, 0.018696
-1.848825e-08, 0.017362
-1.828825e-08, 0.016806
-1.808825e-08, 0.017112
-1.788825e-08, 0.017390
-1.768825e-08, 0.017612
-1.748825e-08, 0.017279
-1.728825e-08, 0.017890
-1.708825e-08, 0.017334
-1.688825e-08, 0.017390
-1.668825e-08, 0.015555
-1.648825e-08, 0.013943
-1.628825e-08, 0.013749
-1.608825e-08, 0.012248
-1.588825e-08, 0.011859
-1.568825e-08, 0.012387
-1.548825e-08, 0.013471
-1.528825e-08, 0.014054
-1.508825e-08, 0.013832
-1.488825e-08, 0.014694
-1.468825e-08, 0.012859
-1.448825e-08, 0.011942
-1.428825e-08, 0.010163
-1.408825e-08, 0.010663
-1.388825e-08, 0.010497
-1.368825e-08, 0.010163
-1.348825e-08, 0.008829
-1.328825e-08, 0.010608
-1.308825e-08, 0.010052
-1.288825e-08, 0.009079
-1.268825e-08, 0.009524
-1.248825e-08, 0.007717
-1.228825e-08, 0.007050
-1.208825e-08, 0.007467
-1.188825e-08, 0.007495
-1.168825e-08, 0.008857
-1.148825e-08, 0.008273
-1.128825e-08, 0.007634
-1.108825e-08, 0.007217
-1.088825e-08, 0.007217
-1.068825e-08, 0.006494
-1.048825e-08, 0.006855
-1.028825e-08, 0.005188
-1.008825e-08, 0.002797
-9.888250e-09, 0.002631
-9.688250e-09, 0.005327
-9.488250e-09, 0.009913
-9.288250e-09, 0.011636
-9.088250e-09, 0.009274
-8.888250e-09, 0.007578
-8.688250e-09, 0.007050
-8.488250e-09, 0.004076
-8.288250e-09, 0.005827
-8.088250e-09, 0.010246
-7.888250e-09, 0.012943
-7.688250e-09, 0.014360
-7.488250e-09, 0.017445
-7.288250e-09, 0.020503
-7.088250e-09, 0.018613
-6.888250e-09, 0.016778
-6.688250e-09, 0.017473
-6.488250e-09, 0.018724
-6.288250e-09, 0.016334
-6.088250e-09, 0.014304
-5.888250e-09, 0.015694
-5.688250e-09, 0.017556
-5.488250e-09, 0.019891
-5.288250e-09, 0.021948
-5.088250e-09, 0.022143
-4.888250e-09, 0.021837
-4.688250e-09, 0.019836
-4.488250e-09, 0.018224
-4.288250e-09, 0.017445
-4.088250e-09, 0.019224
-3.888250e-09, 0.021003
-3.688250e-09, 0.021337
-3.488250e-09, 0.020725
-3.288250e-09, 0.023338
-3.088250e-09, 0.022282
-2.888250e-09, 0.025645
-2.688250e-09, 0.030009
-2.488250e-09, 0.029870
-2.288250e-09, 0.028591
-2.088250e-09, 0.027535
-1.888250e-09, 0.026590
-1.688250e-09, 0.030759
-1.488250e-09, 0.032566
-1.288250e-09, 0.033789
-1.088250e-09, 0.031176
-8.882500e-10, 0.031621
-6.882500e-10, 0.034678
-4.882500e-10, 0.032927
-2.882500e-10, 0.026951
-8.825000e-11, 0.022421
1.117500e-10, 0.022671
3.117500e-10, 0.026451
5.117500e-10, 0.030731
7.117500e-10, 0.032816
9.117500e-10, 0.031926
1.111750e-09, 0.030759
1.311750e-09, 0.026757
1.511750e-09, 0.025589
1.711750e-09, 0.024755
1.911750e-09, 0.025006
2.111750e-09, 0.024616
2.311750e-09, 0.027535
2.511750e-09, 0.028202
2.711750e-09, 0.029592
2.911750e-09, 0.029147
3.111750e-09, 0.027535
3.311750e-09, 0.027229
3.511750e-09, 0.026312
3.711750e-09, 0.025395
3.911750e-09, 0.023977
4.111750e-09, 0.021253
4.311750e-09, 0.021781
4.511750e-09, 0.024172
4.711750e-09, 0.026868
4.911750e-09, 0.027563
5.111750e-09, 0.025617
5.311750e-09, 0.022476
5.511750e-09, 0.018752
5.711750e-09, 0.015055
5.911750e-09, 0.014388
6.111750e-09, 0.016500
6.311750e-09, 0.019308
6.511750e-09, 0.022587
6.711750e-09, 0.025339
6.911750e-09, 0.030842
7.111750e-09, 0.034901
7.311750e-09, 0.030398
7.511750e-09, 0.027201
7.711750e-09, 0.027368
7.911750e-09, 0.027451
8.111750e-09, 0.027285
8.311750e-09, 0.028230
8.511750e-09, 0.027646
8.711750e-09, 0.027451
8.911750e-09, 0.024477
9.111750e-09, 0.024978
9.311750e-09, 0.025422
9.511750e-09, 0.022810
9.711750e-09, 0.022031
9.911750e-09, 0.021642
1.011175e-08, 0.021059
1.031175e-08, 0.021253
1.051175e-08, 0.023004
1.071175e-08, 0.024728
1.091175e-08, 0.023171
1.111175e-08, 0.022448
1.131175e-08, 0.018446
1.151175e-08, 0.016834
1.171175e-08, 0.015639
1.191175e-08, 0.014944
1.211175e-08, 0.015305
1.231175e-08, 0.014249
1.251175e-08, 0.013776
1.271175e-08, 0.015055
1.291175e-08, 0.013721
1.311175e-08, 0.012136
1.331175e-08, 0.009996
1.351175e-08, 0.008023
1.371175e-08, 0.008162
1.391175e-08, 0.008134
1.411175e-08, 0.009691
1.431175e-08, 0.010219
1.451175e-08, 0.009162
1.471175e-08, 0.009051
1.491175e-08, 0.006439
1.511175e-08, 0.003659
1.531175e-08, 0.001825
1.551175e-08, 0.000824
1.571175e-08, 0.001964
1.591175e-08, 0.002297
1.611175e-08, 0.000852
1.631175e-08, 0.001380
1.651175e-08, 0.001880
1.671175e-08, 0.004048
1.691175e-08, 0.005632
1.711175e-08, 0.006716
1.731175e-08, 0.006661
1.751175e-08, 0.005299
1.771175e-08, 0.004243
1.791175e-08, 0.003965
1.811175e-08, 0.005716
1.831175e-08, 0.006689
1.851175e-08, 0.005216
1.871175e-08, 0.005466
1.891175e-08, 0.004938
1.911175e-08, 0.005299
1.931175e-08, 0.005355
1.951175e-08, 0.006216
1.971175e-08, 0.006911
1.991175e-08, 0.005077
2.011175e-08, 0.004521
2.031175e-08, 0.008023
2.051175e-08, 0.011692
2.071175e-08, 0.012526
2.091175e-08, 0.012526
2.111175e-08, 0.011358
2.131175e-08, 0.009913
2.151175e-08, 0.007217
2.171175e-08, 0.009440
2.191175e-08, 0.013359
2.211175e-08, 0.015194
2.231175e-08, 0.016667
2.251175e-08, 0.019808
2.271175e-08, 0.023088
2.291175e-08, 0.021559
2.311175e-08, 0.020280
2.331175e-08, 0.022476
2.351175e-08, 0.023671
2.371175e-08, 0.022838
2.391175e-08, 0.020197
2.411175e-08, 0.020308
2.431175e-08, 0.020586
2.451175e-08, 0.020864
2.471175e-08, 0.021920
2.491175e-08, 0.021587
2.511175e-08, 0.020670
2.531175e-08, 0.020642
2.551175e-08, 0.019419
2.571175e-08, 0.018112
2.591175e-08, 0.019113
2.611175e-08, 0.021726
2.631175e-08, 0.022643
2.651175e-08, 0.024533
2.671175e-08, 0.027062
2.691175e-08, 0.027007
2.711175e-08, 0.026701
2.731175e-08, 0.026812
2.751175e-08, 0.028619
2.771175e-08, 0.028091
2.791175e-08, 0.028535
2.811175e-08, 0.029342
2.831175e-08, 0.029592
2.851175e-08, 0.029897
2.871175e-08, 0.030926
2.891175e-08, 0.028897
2.911175e-08, 0.029758
2.931175e-08, 0.029897
2.951175e-08, 0.029842
2.971175e-08, 0.030064
2.991175e-08, 0.028869
3.011175e-08, 0.029147
3.031175e-08, 0.028869
3.051175e-08, 0.028758
3.071175e-08, 0.030009
3.091175e-08, 0.029981
3.111175e-08, 0.030009
3.131175e-08, 0.029619
3.151175e-08, 0.026645
3.171175e-08, 0.025283
3.191175e-08, 0.024867
3.211175e-08, 0.024700
3.231175e-08, 0.025784
3.251175e-08, 0.027785
3.271175e-08, 0.024978
3.291175e-08, 0.024867
3.311175e-08, 0.024589
3.331175e-08, 0.023532
3.351175e-08, 0.024366
3.371175e-08, 0.023366
3.391175e-08, 0.020503
3.411175e-08, 0.020197
3.431175e-08, 0.018696
3.451175e-08, 0.022337
3.471175e-08, 0.021642
3.491175e-08, 0.022782
3.511175e-08, 0.024783
3.531175e-08, 0.020503
3.551175e-08, 0.019363
3.571175e-08, 0.016445
3.591175e-08, 0.014777
3.611175e-08, 0.016639
3.631175e-08, 0.018835
3.651175e-08, 0.020114
3.671175e-08, 0.023171
3.691175e-08, 0.027007
3.711175e-08, 0.032983
3.731175e-08, 0.029675
3.751175e-08, 0.025450
3.771175e-08, 0.025756
3.791175e-08, 0.025172
3.811175e-08, 0.024950
3.831175e-08, 0.022143
3.851175e-08, 0.022587
3.871175e-08, 0.023227
3.891175e-08, 0.024811
3.911175e-08, 0.025478
3.931175e-08, 0.024894
3.951175e-08, 0.023254
3.971175e-08, 0.019947
3.991175e-08, 0.019780
4.011175e-08, 0.018390
4.031175e-08, 0.017084
4.051175e-08, 0.019113
4.071175e-08, 0.022004
4.091175e-08, 0.022115
4.111175e-08, 0.020114
4.131175e-08, 0.018779
4.151175e-08, 0.016556
4.171175e-08, 0.017028
4.191175e-08, 0.015277
4.211175e-08, 0.014694
4.231175e-08, 0.015444
4.251175e-08, 0.015055
4.271175e-08, 0.015750
4.291175e-08, 0.015444
4.311175e-08, 0.014582
4.331175e-08, 0.013665
4.351175e-08, 0.012275
4.371175e-08, 0.011553
4.391175e-08, 0.011414
4.411175e-08, 0.009941
4.431175e-08, 0.010024
4.451175e-08, 0.010080
4.471175e-08, 0.009913
4.491175e-08, 0.011080
4.511175e-08, 0.012331
4.531175e-08, 0.012164
4.551175e-08, 0.011497
4.571175e-08, 0.009635
4.591175e-08, 0.008884
4.611175e-08, 0.007773
4.631175e-08, 0.007356
4.651175e-08, 0.007133
4.671175e-08, 0.008912
4.691175e-08, 0.010052
4.711175e-08, 0.009941
4.731175e-08, 0.008384
4.751175e-08, 0.008523
4.771175e-08, 0.008301
4.791175e-08, 0.007106
4.811175e-08, 0.007050
4.831175e-08, 0.008968
4.851175e-08, 0.007828
4.871175e-08, 0.007356
4.891175e-08, 0.006550
4.911175e-08, 0.006911
4.931175e-08, 0.007078
4.951175e-08, 0.007439
4.971175e-08, 0.007689
4.991175e-08, 0.006049
5.011175e-08, 0.005299
5.031175e-08, 0.007495
5.051175e-08, 0.011469
5.071175e-08, 0.014666
5.091175e-08, 0.013359
5.111175e-08, 0.010552
5.131175e-08, 0.009385
5.151175e-08, 0.008134
5.171175e-08, 0.007884
5.191175e-08, 0.012943
5.211175e-08, 0.017418
5.231175e-08, 0.018640
5.251175e-08, 0.021503
5.271175e-08, 0.023393
5.291175e-08, 0.022949
5.311175e-08, 0.020670
5.331175e-08, 0.021503
5.351175e-08, 0.022004
5.371175e-08, 0.019836
5.391175e-08, 0.018363
5.411175e-08, 0.018946
5.431175e-08, 0.019141
5.451175e-08, 0.020753
5.471175e-08, 0.021642
5.491175e-08, 0.020920
5.511175e-08, 0.021170
5.531175e-08, 0.021281
5.551175e-08, 0.020030
5.571175e-08, 0.019224
5.591175e-08, 0.020419
5.611175e-08, 0.020364
5.631175e-08, 0.022170
5.651175e-08, 0.023199
5.671175e-08, 0.026062
5.691175e-08, 0.024783
5.711175e-08, 0.024033
5.731175e-08, 0.024978
5.751175e-08, 0.026090
5.771175e-08, 0.027813
5.791175e-08, 0.027062
5.811175e-08, 0.026729
5.831175e-08, 0.028146
5.851175e-08, 0.028869
5.871175e-08, 0.028758
5.891175e-08, 0.028841
5.911175e-08, 0.028313
5.931175e-08, 0.027507
5.951175e-08, 0.026618
5.971175e-08, 0.024839
5.991175e-08, 0.024060
6.011175e-08, 0.025117
6.031175e-08, 0.026673
6.051175e-08, 0.027396
6.071175e-08, 0.027201
6.091175e-08, 0.027674
6.111175e-08, 0.027729
6.131175e-08, 0.027729
6.151175e-08, 0.027785
6.171175e-08, 0.027924
6.191175e-08, 0.026534
6.211175e-08, 0.026117
6.231175e-08, 0.026117
6.251175e-08, 0.027813
6.271175e-08, 0.029397
6.291175e-08, 0.027841
6.311175e-08, 0.026284
6.331175e-08, 0.026256
6.351175e-08, 0.027146
6.371175e-08, 0.026840
6.391175e-08, 0.024311
6.411175e-08, 0.022365
6.431175e-08, 0.022782
6.451175e-08, 0.022170
6.471175e-08, 0.023477
6.491175e-08, 0.024533
6.511175e-08, 0.025784
6.531175e-08, 0.026006
6.551175e-08, 0.023393
6.571175e-08, 0.018918
6.591175e-08, 0.017223
6.611175e-08, 0.016945
6.631175e-08, 0.018585
6.651175e-08, 0.021531
6.671175e-08, 0.024783
6.691175e-08, 0.028202
6.711175e-08, 0.032788
6.731175e-08, 0.030815
6.751175e-08, 0.026590
6.771175e-08, 0.023838
6.791175e-08, 0.022865
6.811175e-08, 0.023588
6.831175e-08, 0.022560
6.851175e-08, 0.021503
6.871175e-08, 0.022198
6.891175e-08, 0.023004
6.911175e-08, 0.023115
6.931175e-08, 0.023505
6.951175e-08, 0.025033
6.971175e-08, 0.020920
6.991175e-08, 0.019030
7.011175e-08, 0.018863
7.031175e-08, 0.017695
7.051175e-08, 0.017751
7.071175e-08, 0.020753
7.091175e-08, 0.021698
7.111175e-08, 0.021781
7.131175e-08, 0.019141
7.151175e-08, 0.016417
7.171175e-08, 0.016334
7.191175e-08, 0.015472
7.211175e-08, 0.016334
7.231175e-08, 0.016306
7.251175e-08, 0.016056
7.271175e-08, 0.015388
7.291175e-08, 0.016250
7.311175e-08, 0.015194
7.331175e-08, 0.015416
7.351175e-08, 0.014249
7.371175e-08, 0.012915
7.391175e-08, 0.011886
7.411175e-08, 0.011330
7.431175e-08, 0.010719
7.451175e-08, 0.012553
7.471175e-08, 0.012859
7.491175e-08, 0.013526
7.511175e-08, 0.013637
7.531175e-08, 0.013248
7.551175e-08, 0.013220
7.571175e-08, 0.011497
7.591175e-08, 0.009440
7.611175e-08, 0.009190
7.631175e-08, 0.009246
7.651175e-08, 0.008356
7.671175e-08, 0.009023
7.691175e-08, 0.011442
7.711175e-08, 0.011164
7.731175e-08, 0.009607
7.751175e-08, 0.007773
7.771175e-08, 0.007189
7.791175e-08, 0.007133
7.811175e-08, 0.007300
7.831175e-08, 0.009135
7.851175e-08, 0.008023
7.871175e-08, 0.008440
7.891175e-08, 0.009246
7.911175e-08, 0.008857
7.931175e-08, 0.009941
7.951175e-08, 0.010691
7.971175e-08, 0.008884
7.991175e-08, 0.004521
8.011175e-08, 0.002325
8.031175e-08, 0.005021
8.051175e-08, 0.008690
8.071175e-08, 0.012581
8.091175e-08, 0.011469
8.111175e-08, 0.010636
8.131175e-08, 0.008495
8.151175e-08, 0.007328
8.171175e-08, 0.005938
8.191175e-08, 0.010219
8.211175e-08, 0.014388
8.231175e-08, 0.015889
8.251175e-08, 0.015917
8.271175e-08, 0.016917
8.291175e-08, 0.018585
8.311175e-08, 0.016862
8.331175e-08, 0.016945
8.351175e-08, 0.018974
8.371175e-08, 0.016306
8.391175e-08, 0.013415
8.411175e-08, 0.012470
8.431175e-08, 0.013943
8.451175e-08, 0.015944
8.471175e-08, 0.017890
8.491175e-08, 0.018696
8.511175e-08, 0.019224
8.531175e-08, 0.019419
8.551175e-08, 0.018724
8.571175e-08, 0.018835
8.591175e-08, 0.020141
8.611175e-08, 0.020725
8.631175e-08, 0.022838
8.651175e-08, 0.025033
8.671175e-08, 0.027424
8.691175e-08, 0.027841
8.711175e-08, 0.028535
8.731175e-08, 0.030398
8.751175e-08, 0.030565
8.771175e-08, 0.031148
8.791175e-08, 0.031565
8.811175e-08, 0.031815
8.831175e-08, 0.034984
8.851175e-08, 0.035679
8.871175e-08, 0.036791
8.891175e-08, 0.036012
8.911175e-08, 0.035707
8.931175e-08, 0.034817
8.951175e-08, 0.035206
8.971175e-08, 0.035012
8.991175e-08, 0.033566
9.011175e-08, 0.033705
9.031175e-08, 0.032594
9.051175e-08, 0.031704
9.071175e-08, 0.034873
9.091175e-08, 0.034678
9.111175e-08, 0.033789
9.131175e-08, 0.033344
9.151175e-08, 0.031926
9.171175e-08, 0.030898
9.191175e-08, 0.030592
9.211175e-08, 0.029647
9.231175e-08, 0.029508
9.251175e-08, 0.030036
9.271175e-08, 0.030231
9.291175e-08, 0.029619
9.311175e-08, 0.029258
9.331175e-08, 0.028063
9.351175e-08, 0.028424
9.371175e-08, 0.027896
9.391175e-08, 0.026062
9.411175e-08, 0.024005
9.431175e-08, 0.023004
9.451175e-08, 0.023032
9.471175e-08, 0.024867
9.491175e-08, 0.026979
9.511175e-08, 0.027785
9.531175e-08, 0.025867
9.551175e-08, 0.023810
9.571175e-08, 0.019586
9.591175e-08, 0.017084
9.611175e-08, 0.016056
9.631175e-08, 0.018807
9.651175e-08, 0.019196
9.671175e-08, 0.022143
9.691175e-08, 0.025728
9.711175e-08, 0.031232
9.731175e-08, 0.031315
9.751175e-08, 0.025867
9.771175e-08, 0.025283
9.791175e-08, 0.024561
9.811175e-08, 0.022532
9.831175e-08, 0.021948
9.851175e-08, 0.021031
9.871175e-08, 0.022560
9.891175e-08, 0.023616
9.911175e-08, 0.023505
9.931175e-08, 0.022865
9.951175e-08, 0.023310
9.971175e-08, 0.020503
9.991175e-08, 0.019113
1.001117e-07, 0.019502
1.003118e-07, 0.020947
1.005118e-07, 0.021281
1.007118e-07, 0.022671
1.009118e-07, 0.023366
1.011118e-07, 0.022754
1.013118e-07, 0.020753
1.015117e-07, 0.017946
1.017118e-07, 0.017501
1.019117e-07, 0.017612
1.021118e-07, 0.017251
1.023118e-07, 0.016973
1.025118e-07, 0.016528
1.027118e-07, 0.016806
1.029117e-07, 0.016723
1.031118e-07, 0.016389
1.033117e-07, 0.015944
1.035118e-07, 0.016111
1.037118e-07, 0.015083
1.039118e-07, 0.014443
1.041118e-07, 0.014416
1.043117e-07, 0.013387
1.045118e-07, 0.013888
1.047117e-07, 0.013888
1.049118e-07, 0.013888
1.051118e-07, 0.014054
1.053118e-07, 0.012915
1.055118e-07, 0.012248
1.057117e-07, 0.012136
1.059118e-07, 0.011108
1.061117e-07, 0.008968
1.063118e-07, 0.008662
1.065118e-07, 0.009135
1.067118e-07, 0.010886
1.069118e-07, 0.010330
1.071117e-07, 0.011469
1.073118e-07, 0.011136
1.075117e-07, 0.008579
1.077118e-07, 0.007745
1.079118e-07, 0.007272
1.081118e-07, 0.007550
1.083118e-07, 0.009190
1.085118e-07, 0.008940
1.087118e-07, 0.008134
1.089117e-07, 0.006216
1.091118e-07, 0.006911
1.093117e-07, 0.007606
1.095118e-07, 0.009190
1.097118e-07, 0.008857
1.099118e-07, 0.005493
1.101118e-07, 0.003409
1.103117e-07, 0.004799
1.105118e-07, 0.008912
1.107117e-07, 0.012387
1.109118e-07, 0.011831
1.111118e-07, 0.011636
1.113118e-07, 0.010497
1.115118e-07, 0.008857
1.117117e-07, 0.007189
1.119118e-07, 0.009552
1.121117e-07, 0.014471
1.123118e-07, 0.017195
1.125118e-07, 0.017973
1.127118e-07, 0.018696
1.129118e-07, 0.019586
1.131117e-07, 0.018224
1.133118e-07, 0.017779
1.135117e-07, 0.020141
1.137118e-07, 0.021587
1.139118e-07, 0.019669
1.141118e-07, 0.017807
1.143118e-07, 0.020419
1.145118e-07, 0.021754
1.147118e-07, 0.023449
1.149117e-07, 0.024755
1.151118e-07, 0.025200
1.153118e-07, 0.025867
1.155118e-07, 0.026951
1.157118e-07, 0.027257
1.159118e-07, 0.026784
1.161118e-07, 0.026979
1.163117e-07, 0.029314
1.165118e-07, 0.030509
1.167117e-07, 0.032232
1.169118e-07, 0.033650
1.171118e-07, 0.033789
1.173118e-07, 0.035484
1.175118e-07, 0.036874
1.177117e-07, 0.037152
1.179118e-07, 0.036235
1.181117e-07, 0.035762
1.183118e-07, 0.037652
1.185118e-07, 0.039153
1.187118e-07, 0.039904
1.189118e-07, 0.039542
1.191117e-07, 0.038597
1.193118e-07, 0.038014
1.195117e-07, 0.036791
1.197117e-07, 0.036902
1.199118e-07, 0.036401
1.201118e-07, 0.034317
1.203117e-07, 0.034011
1.205118e-07, 0.034678
1.207118e-07, 0.036179
1.209117e-07, 0.037207
1.211117e-07, 0.036818
1.213118e-07, 0.036318
1.215118e-07, 0.036540
1.217117e-07, 0.036179
1.219118e-07, 0.034845
1.221118e-07, 0.033511
1.223117e-07, 0.033594
1.225117e-07, 0.033678
1.227118e-07, 0.036151
1.229118e-07, 0.034094
1.231117e-07, 0.033094
1.233118e-07, 0.034039
1.235118e-07, 0.033400
1.237117e-07, 0.031482
1.239117e-07, 0.031204
1.241118e-07, 0.030092
1.243118e-07, 0.029091
1.245117e-07, 0.029091
1.247118e-07, 0.030815
1.249118e-07, 0.031343
1.251117e-07, 0.032621
1.253117e-07, 0.033427
1.255118e-07, 0.031732
1.257118e-07, 0.028313
1.259117e-07, 0.023310
1.261118e-07, 0.022309
1.263118e-07, 0.023171
1.265117e-07, 0.024978
1.267117e-07, 0.028563
1.269118e-07, 0.030064
1.271118e-07, 0.035206
1.273117e-07, 0.037346
1.275118e-07, 0.032177
1.277118e-07, 0.029758
1.279117e-07, 0.029008
1.281117e-07, 0.025784
1.283118e-07, 0.026256
1.285118e-07, 0.025645
1.287117e-07, 0.025617
1.289118e-07, 0.025728
1.291118e-07, 0.026534
1.293118e-07, 0.025784
1.295117e-07, 0.025478
1.297118e-07, 0.024450
1.299118e-07, 0.021698
1.301117e-07, 0.022254
1.303118e-07, 0.021142
1.305118e-07, 0.020364
1.307118e-07, 0.023560
1.309117e-07, 0.023783
1.311118e-07, 0.023727
1.313118e-07, 0.023560
1.315117e-07, 0.020058
1.317118e-07, 0.019335
1.319118e-07, 0.018140
1.321118e-07, 0.020558
1.323117e-07, 0.020642
1.325118e-07, 0.019613
1.327118e-07, 0.020864
1.329117e-07, 0.018696
1.331118e-07, 0.017807
1.333118e-07, 0.016973
1.335118e-07, 0.016611
1.337117e-07, 0.016278
1.339118e-07, 0.015778
1.341118e-07, 0.015527
1.343117e-07, 0.015666
1.345118e-07, 0.015555
1.347118e-07, 0.016167
1.349118e-07, 0.016556
1.351117e-07, 0.017084
1.353118e-07, 0.016584
1.355118e-07, 0.015388
1.357117e-07, 0.013610
1.359117e-07, 0.012275
1.361118e-07, 0.010747
1.363118e-07, 0.011414
1.365117e-07, 0.011720
1.367118e-07, 0.011414
1.369118e-07, 0.011164
1.371117e-07, 0.012248
1.373117e-07, 0.012414
1.375118e-07, 0.011720
1.377118e-07, 0.010747
1.379117e-07, 0.009579
1.381118e-07, 0.008468
1.383118e-07, 0.010413
1.385117e-07, 0.009496
1.387117e-07, 0.009607
1.389118e-07, 0.009107
1.391118e-07, 0.009162
1.393117e-07, 0.009579
1.395118e-07, 0.008745
1.397118e-07, 0.008468
1.399117e-07, 0.007272
1.401117e-07, 0.005021
1.403118e-07, 0.005355
1.405118e-07, 0.007939
1.407117e-07, 0.012081
1.409118e-07, 0.012053
1.411118e-07, 0.011414
1.413117e-07, 0.010219
1.415117e-07, 0.009385
1.417118e-07, 0.006744
1.419118e-07, 0.008384
1.421117e-07, 0.014193
1.423118e-07, 0.016334
1.425118e-07, 0.016973
1.427118e-07, 0.021003
1.429117e-07, 0.022309
1.431118e-07, 0.020781
1.433118e-07, 0.019113
1.435117e-07, 0.019447
1.437118e-07, 0.021086
1.439118e-07, 0.021337
1.441118e-07, 0.020475
1.443117e-07, 0.021531
1.445118e-07, 0.020892
1.447118e-07, 0.023227
1.449117e-07, 0.024394
1.451118e-07, 0.025283
1.453118e-07, 0.026256
1.455118e-07, 0.026090
1.457117e-07, 0.026062
1.459118e-07, 0.025450
1.461118e-07, 0.026367
1.463117e-07, 0.027729
1.465118e-07, 0.027396
1.467118e-07, 0.029758
1.469118e-07, 0.030231
1.471117e-07, 0.029119
1.473118e-07, 0.031787
1.475118e-07, 0.033539
1.477117e-07, 0.034928
1.479118e-07, 0.034178
1.481118e-07, 0.033400
1.483118e-07, 0.035707
1.485117e-07, 0.036179
1.487118e-07, 0.037180
1.489118e-07, 0.035818
1.491117e-07, 0.037096
1.493118e-07, 0.036596
1.495118e-07, 0.035540
1.497118e-07, 0.034567
1.499117e-07, 0.034039
1.501118e-07, 0.034400
1.503118e-07, 0.032760
1.505117e-07, 0.032621
1.507117e-07, 0.034901
1.509118e-07, 0.035234
1.511118e-07, 0.035151
1.513117e-07, 0.034039
1.515118e-07, 0.033650
1.517118e-07, 0.033705
1.519117e-07, 0.031593
1.521117e-07, 0.030676
1.523118e-07, 0.031371
1.525118e-07, 0.031537
1.527117e-07, 0.030898
1.529118e-07, 0.028758
1.531118e-07, 0.030148
1.533117e-07, 0.030370
1.535117e-07, 0.029453
1.537118e-07, 0.028563
1.539118e-07, 0.028230
1.541117e-07, 0.026784
1.543118e-07, 0.026645
1.545118e-07, 0.025784
1.547117e-07, 0.027424
1.549117e-07, 0.028063
1.551118e-07, 0.029925
1.553118e-07, 0.029508
1.555117e-07, 0.027924
1.557118e-07, 0.023894
1.559118e-07, 0.020086
1.561117e-07, 0.018251
1.563117e-07, 0.018613
1.565118e-07, 0.020308
1.567118e-07, 0.022476
1.569117e-07, 0.024616
1.571118e-07, 0.030537
1.573118e-07, 0.033872
1.575118e-07, 0.030036
1.577117e-07, 0.025812
1.579118e-07, 0.025117
1.581118e-07, 0.023949
1.583117e-07, 0.022754
1.585118e-07, 0.021448
1.587118e-07, 0.021309
1.589118e-07, 0.022893
1.591117e-07, 0.024505
1.593118e-07, 0.023060
1.595118e-07, 0.022726
1.597117e-07, 0.021503
1.599118e-07, 0.018307
1.601118e-07, 0.018307
1.603118e-07, 0.020058
1.605117e-07, 0.018779
1.607118e-07, 0.019697
1.609118e-07, 0.021503
1.611117e-07, 0.022282
1.613118e-07, 0.020614
1.615118e-07, 0.019558
1.617118e-07, 0.018502
1.619117e-07, 0.018779
1.621118e-07, 0.018168
1.623118e-07, 0.018557
1.625117e-07, 0.018224
1.627118e-07, 0.018807
1.629118e-07, 0.018029
1.631118e-07, 0.019057
1.633117e-07, 0.017751
1.635118e-07, 0.017306
1.637118e-07, 0.016083
1.639117e-07, 0.015305
1.641118e-07, 0.015472
1.643118e-07, 0.014304
1.645118e-07, 0.014888
1.647117e-07, 0.016723
1.649118e-07, 0.014833
1.651118e-07, 0.015583
1.653117e-07, 0.016000
1.655117e-07, 0.015277
1.657118e-07, 0.014332
1.659118e-07, 0.011886
1.661117e-07, 0.011442
1.663118e-07, 0.011191
1.665118e-07, 0.009691
1.667117e-07, 0.011025
1.669117e-07, 0.010775
1.671118e-07, 0.011303
1.673118e-07, 0.011997
1.675117e-07, 0.010969
1.677118e-07, 0.010052
1.679118e-07, 0.008912
1.681117e-07, 0.008579
1.683117e-07, 0.008384
1.685118e-07, 0.007967
1.687118e-07, 0.008023
1.689117e-07, 0.007912
1.691118e-07, 0.007856
1.693118e-07, 0.008134
1.695117e-07, 0.007995
1.697117e-07, 0.008857
1.699118e-07, 0.007967
1.701118e-07, 0.005299
1.703117e-07, 0.004854
1.705118e-07, 0.006772
1.707118e-07, 0.010636
1.709118e-07, 0.012192
1.711117e-07, 0.010552
1.713118e-07, 0.009468
1.715118e-07, 0.008217
1.717117e-07, 0.005132
1.719118e-07, 0.005744
1.721118e-07, 0.012053
1.723118e-07, 0.015305
1.725117e-07, 0.016000
1.727118e-07, 0.018807
1.729118e-07, 0.020475
1.731117e-07, 0.021031
1.733118e-07, 0.018835
1.735118e-07, 0.020169
1.737118e-07, 0.020614
1.739117e-07, 0.019141
1.741118e-07, 0.017834
1.743118e-07, 0.019141
1.745117e-07, 0.019252
1.747118e-07, 0.019780
1.749118e-07, 0.021281
1.751118e-07, 0.021754
1.753117e-07, 0.022421
1.755118e-07, 0.021587
1.757118e-07, 0.020725
1.759117e-07, 0.020808
1.761118e-07, 0.020586
1.763118e-07, 0.022448
1.765118e-07, 0.024839
1.767117e-07, 0.027035
1.769118e-07, 0.025728
1.771118e-07, 0.026479
1.773117e-07, 0.025951
1.775118e-07, 0.027146
1.777118e-07, 0.028508
1.779118e-07, 0.026896
1.781117e-07, 0.027563
1.783118e-07, 0.028508
1.785118e-07, 0.029203
1.787117e-07, 0.029786
1.789118e-07, 0.031259
1.791118e-07, 0.029814
1.793118e-07, 0.029953
1.795117e-07, 0.030370
1.797118e-07, 0.029147
1.799118e-07, 0.028591
1.801117e-07, 0.028007
1.803117e-07, 0.027424
1.805118e-07, 0.028007
1.807118e-07, 0.028424
1.809117e-07, 0.027563
1.811118e-07, 0.028452
1.813118e-07, 0.028813
1.815117e-07, 0.028091
1.817117e-07, 0.029203
1.819118e-07, 0.027952
1.821118e-07, 0.025867
1.823117e-07, 0.026062
1.825118e-07, 0.026284
1.827118e-07, 0.026868
1.829117e-07, 0.028202
1.831117e-07, 0.027396
1.833118e-07, 0.026173
1.835118e-07, 0.025951
1.837117e-07, 0.026479
1.839118e-07, 0.026173
1.841118e-07, 0.024644
1.843117e-07, 0.024533
1.845117e-07, 0.023505
1.847118e-07, 0.024311
1.849118e-07, 0.025089
1.851117e-07, 0.026562
1.853118e-07, 0.026340
1.855118e-07, 0.025144
1.857118e-07, 0.021587
1.859117e-07, 0.018057
1.861118e-07, 0.015778
1.863118e-07, 0.016111
1.865117e-07, 0.017640
1.867118e-07, 0.020002
1.869118e-07, 0.022254
1.871118e-07, 0.027201
1.873117e-07, 0.031287
1.875118e-07, 0.027563
1.877118e-07, 0.024005
1.879117e-07, 0.023560
1.881118e-07, 0.022504
1.883118e-07, 0.021754
1.885118e-07, 0.021642
1.887117e-07, 0.019530
1.889118e-07, 0.020864
1.891118e-07, 0.022282
1.893117e-07, 0.021837
1.895118e-07, 0.022393
1.897118e-07, 0.021142
1.899118e-07, 0.018446
1.901117e-07, 0.018585
1.903118e-07, 0.018196
1.905118e-07, 0.017056
1.907117e-07, 0.018974
1.909118e-07, 0.021059
1.911118e-07, 0.020614
1.913118e-07, 0.020586
1.915117e-07, 0.018557
1.917118e-07, 0.015750
1.919118e-07, 0.015583
1.921117e-07, 0.016000
1.923118e-07, 0.017084
1.925118e-07, 0.016556
1.927118e-07, 0.015722
1.929117e-07, 0.015083
1.931118e-07, 0.016056
1.933118e-07, 0.016167
1.935117e-07, 0.016056
1.937118e-07, 0.016028
1.939118e-07, 0.013637
1.941118e-07, 0.014860
1.943117e-07, 0.013109
1.945118e-07, 0.012859
1.947118e-07, 0.013999
1.949117e-07, 0.014944
1.951118e-07, 0.014944
1.953118e-07, 0.014666
1.955118e-07, 0.014027
1.957117e-07, 0.013081
1.959118e-07, 0.011386
1.961118e-07, 0.010608
1.963117e-07, 0.010524
1.965117e-07, 0.009857
1.967118e-07, 0.009218
1.969118e-07, 0.010107
1.971117e-07, 0.010107
1.973118e-07, 0.011025
1.975118e-07, 0.010441
1.977117e-07, 0.009913
1.979117e-07, 0.008662
1.981118e-07, 0.008662
1.983118e-07, 0.009440
1.985117e-07, 0.008773
1.987118e-07, 0.008912
1.989118e-07, 0.005799
1.991118e-07, 0.006133
1.993117e-07, 0.006911
1.995118e-07, 0.006911
1.997118e-07, 0.005966
1.999117e-07, 0.005771
2.001118e-07, 0.003909
2.003118e-07, 0.002686
2.005118e-07, 0.004271
2.007117e-07, 0.007995
2.009118e-07, 0.009718
2.011118e-07, 0.008968
2.013117e-07, 0.008245
2.015118e-07, 0.008190
2.017118e-07, 0.006522
2.019118e-07, 0.005521
2.021117e-07, 0.009635
2.023118e-07, 0.014193
2.025118e-07, 0.014332
2.027117e-07, 0.015722
2.029118e-07, 0.017390
2.031118e-07, 0.017834
2.033118e-07, 0.016695
2.035117e-07, 0.017028
2.037118e-07, 0.018640
2.039118e-07, 0.016556
2.041117e-07, 0.015222
2.043118e-07, 0.015138
2.045118e-07, 0.015250
2.047118e-07, 0.017640
2.049117e-07, 0.017418
2.051118e-07, 0.018140
2.053118e-07, 0.018835
2.055117e-07, 0.019169
2.057118e-07, 0.019002
2.059118e-07, 0.017028
2.061118e-07, 0.018307
2.063117e-07, 0.019502
2.065118e-07, 0.019169
2.067118e-07, 0.022337
2.069117e-07, 0.024894
2.071118e-07, 0.026228
2.073118e-07, 0.025450
2.075118e-07, 0.025283
2.077117e-07, 0.026534
2.079118e-07, 0.027201
2.081118e-07, 0.026284
2.083117e-07, 0.026840
2.085118e-07, 0.027896
2.087118e-07, 0.030092
2.089118e-07, 0.029536
2.091117e-07, 0.030370
2.093118e-07, 0.029592
2.095118e-07, 0.030259
2.097117e-07, 0.030759
2.099118e-07, 0.029119
2.101118e-07, 0.027451
2.103118e-07, 0.027507
2.105117e-07, 0.027507
2.107118e-07, 0.029008
2.109118e-07, 0.031037
2.111117e-07, 0.031426
2.113117e-07, 0.029953
2.115118e-07, 0.028786
2.117118e-07, 0.028007
2.119117e-07, 0.027757
2.121118e-07, 0.027451
2.123118e-07, 0.026367
2.125117e-07, 0.026312
2.127117e-07, 0.027507
2.129118e-07, 0.027035
2.131118e-07, 0.027563
2.133117e-07, 0.028007
2.135118e-07, 0.028424
2.137118e-07, 0.027312
2.139118e-07, 0.026534
2.141117e-07, 0.024338
2.143118e-07, 0.023449
2.145118e-07, 0.021809
2.147117e-07, 0.023171
2.149118e-07, 0.024477
2.151118e-07, 0.025923
2.153117e-07, 0.027285
2.155117e-07, 0.026201
2.157118e-07, 0.022615
2.159117e-07, 0.018418
2.161117e-07, 0.016556
2.163118e-07, 0.017529
2.165118e-07, 0.019113
2.167117e-07, 0.020781
2.169117e-07, 0.022532
2.171118e-07, 0.026562
2.173117e-07, 0.032288
2.175117e-07, 0.030092
2.177118e-07, 0.026034
2.179118e-07, 0.023977
2.181117e-07, 0.022643
2.183117e-07, 0.022087
2.185118e-07, 0.020781
2.187117e-07, 0.020308
2.189117e-07, 0.021392
2.191118e-07, 0.022949
2.193118e-07, 0.021642
2.195117e-07, 0.020920
2.197117e-07, 0.021031
2.199118e-07, 0.018251
2.201117e-07, 0.016556
2.203117e-07, 0.017306
2.205118e-07, 0.016973
2.207118e-07, 0.018613
2.209117e-07, 0.020920
2.211117e-07, 0.022337
2.213118e-07, 0.021420
2.215117e-07, 0.018335
2.217117e-07, 0.016723
2.219118e-07, 0.017279
2.221118e-07, 0.017084
2.223117e-07, 0.017556
2.225117e-07, 0.016750
2.227118e-07, 0.016750
2.229117e-07, 0.015861
2.231117e-07, 0.015861
2.233118e-07, 0.015944
2.235118e-07, 0.016806
2.237117e-07, 0.016528
2.239117e-07, 0.013498
2.241118e-07, 0.012414
2.243118e-07, 0.013443
2.245117e-07, 0.013415
2.247118e-07, 0.013637
2.249118e-07, 0.014221
2.251117e-07, 0.014833
2.253117e-07, 0.014416
2.255118e-07, 0.014027
2.257118e-07, 0.013332
2.259117e-07, 0.011080
2.261117e-07, 0.009635
2.263118e-07, 0.008857
2.265117e-07, 0.008829
2.267117e-07, 0.009579
2.269118e-07, 0.009079
2.271118e-07, 0.010163
2.273117e-07, 0.008940
2.275117e-07, 0.008884
2.277118e-07, 0.008996
2.279117e-07, 0.007467
2.281117e-07, 0.007411
2.283118e-07, 0.008051
2.285118e-07, 0.007884
2.287117e-07, 0.007967
2.289117e-07, 0.007800
2.291118e-07, 0.006855
2.293117e-07, 0.006744
2.295117e-07, 0.007133
2.297118e-07, 0.008440
2.299118e-07, 0.006772
2.301117e-07, 0.003715
2.303117e-07, 0.003159
2.305118e-07, 0.003631
2.307117e-07, 0.008023
2.309117e-07, 0.010469
2.311118e-07, 0.009691
2.313118e-07, 0.007745
2.315117e-07, 0.007967
2.317117e-07, 0.006661
2.319118e-07, 0.003909
2.321117e-07, 0.008996
2.323117e-07, 0.013915
2.325118e-07, 0.013610
2.327118e-07, 0.015416
2.329117e-07, 0.016639
2.331117e-07, 0.018390
2.333118e-07, 0.018390
2.335117e-07, 0.015972
2.337117e-07, 0.017084
2.339118e-07, 0.017445
2.341118e-07, 0.015250
2.343117e-07, 0.014360
2.345117e-07, 0.015305
2.347118e-07, 0.016834
2.349117e-07, 0.018279
2.351117e-07, 0.018196
2.353118e-07, 0.019419
2.355118e-07, 0.019586
2.357117e-07, 0.018001
2.359117e-07, 0.016667
2.361118e-07, 0.016750
2.363117e-07, 0.019196
2.365117e-07, 0.020058
2.367118e-07, 0.022365
2.369118e-07, 0.024533
2.371117e-07, 0.024950
2.373117e-07, 0.025478
2.375118e-07, 0.026173
2.377117e-07, 0.026979
2.379117e-07, 0.026729
2.381118e-07, 0.028091
2.383118e-07, 0.028758
2.385117e-07, 0.028063
2.387117e-07, 0.030870
2.389118e-07, 0.031259
2.391118e-07, 0.030648
2.393117e-07, 0.031732
2.395118e-07, 0.031287
2.397118e-07, 0.031148
2.399117e-07, 0.029814
2.401117e-07, 0.029481
2.403118e-07, 0.028925
2.405118e-07, 0.028091
2.407117e-07, 0.029342
2.409117e-07, 0.029897
2.411118e-07, 0.030120
2.413117e-07, 0.030370
2.415117e-07, 0.030092
2.417118e-07, 0.028146
2.419118e-07, 0.026451
2.421117e-07, 0.026367
2.423117e-07, 0.026701
2.425118e-07, 0.025283
2.427117e-07, 0.026312
2.429117e-07, 0.026340
2.431118e-07, 0.026618
2.433118e-07, 0.026979
2.435117e-07, 0.026090
2.437117e-07, 0.025033
2.439118e-07, 0.024978
2.441117e-07, 0.025089
2.443117e-07, 0.024338
2.445118e-07, 0.022059
2.447118e-07, 0.022726
2.449117e-07, 0.022726
2.451117e-07, 0.024338
2.453118e-07, 0.025673
2.455117e-07, 0.024477
2.457117e-07, 0.022921
2.459118e-07, 0.019002
2.461118e-07, 0.015889
2.463117e-07, 0.014527
2.465117e-07, 0.016611
2.467118e-07, 0.020169
2.469117e-07, 0.021948
2.471117e-07, 0.024450
2.473118e-07, 0.030148
2.475118e-07, 0.030565
2.477117e-07, 0.025784
2.479117e-07, 0.022615
2.481118e-07, 0.021865
2.483117e-07, 0.022754
2.485117e-07, 0.020586
2.487118e-07, 0.019169
2.489118e-07, 0.021392
2.491117e-07, 0.023088
2.493117e-07, 0.022782
2.495118e-07, 0.021754
2.497117e-07, 0.021892
2.499117e-07, 0.019697
2.501118e-07, 0.018446
2.503118e-07, 0.018529
2.505117e-07, 0.016500
2.507117e-07, 0.017056
2.509118e-07, 0.019169
2.511117e-07, 0.019947
2.513117e-07, 0.021031
2.515118e-07, 0.019391
2.517118e-07, 0.016862
2.519117e-07, 0.015111
2.521117e-07, 0.014777
2.523118e-07, 0.016306
2.525118e-07, 0.016167
2.527117e-07, 0.015917
2.529118e-07, 0.015805
2.531118e-07, 0.016639
2.533117e-07, 0.016278
2.535117e-07, 0.016334
2.537118e-07, 0.015027
2.539118e-07, 0.014082
2.541117e-07, 0.014193
2.543118e-07, 0.013054
2.545118e-07, 0.013776
2.547117e-07, 0.012915
2.549117e-07, 0.013081
2.551118e-07, 0.014805
2.553118e-07, 0.014249
2.555117e-07, 0.014054
2.557118e-07, 0.011942
2.559118e-07, 0.009885
2.561117e-07, 0.008773
2.563117e-07, 0.007356
2.565118e-07, 0.007745
2.567118e-07, 0.008940
2.569117e-07, 0.008829
2.571117e-07, 0.009274
2.573118e-07, 0.010219
2.575117e-07, 0.010163
2.577117e-07, 0.010080
2.579118e-07, 0.008356
2.581118e-07, 0.007550
2.583117e-07, 0.007856
2.585117e-07, 0.006577
2.587118e-07, 0.007773
2.589117e-07, 0.007689
2.591117e-07, 0.006744
2.593118e-07, 0.005549
2.595118e-07, 0.007300
2.597117e-07, 0.006772
2.599117e-07, 0.006494
2.601118e-07, 0.005938
2.603117e-07, 0.003715
2.605117e-07, 0.004243
2.607118e-07, 0.005771
2.609118e-07, 0.010135
2.611117e-07, 0.011025
2.613117e-07, 0.008912
2.615118e-07, 0.008051
2.617117e-07, 0.007689
2.619117e-07, 0.004132
2.621118e-07, 0.007912
2.623118e-07, 0.011803
2.625117e-07, 0.013387
2.627117e-07, 0.015917
2.629118e-07, 0.016389
2.631117e-07, 0.019752
2.633117e-07, 0.018974
2.635118e-07, 0.017362
2.637118e-07, 0.018696
2.639117e-07, 0.018557
2.641117e-07, 0.016778
2.643118e-07, 0.013721
2.645117e-07, 0.014499
2.647117e-07, 0.015917
2.649118e-07, 0.016584
2.651118e-07, 0.019224
2.653117e-07, 0.018251
2.655117e-07, 0.019057
2.657118e-07, 0.019308
2.659117e-07, 0.017362
2.661117e-07, 0.016806
2.663118e-07, 0.017973
2.665118e-07, 0.018974
2.667117e-07, 0.021198
2.669117e-07, 0.023588
2.671118e-07, 0.023783
2.673118e-07, 0.022810
2.675117e-07, 0.024783
2.677118e-07, 0.025951
2.679118e-07, 0.025978
2.681117e-07, 0.026201
2.683117e-07, 0.027618
2.685118e-07, 0.028258
2.687118e-07, 0.028952
2.689117e-07, 0.029758
2.691118e-07, 0.031593
2.693118e-07, 0.030453
2.695117e-07, 0.029397
2.697117e-07, 0.030259
2.699118e-07, 0.029230
2.701118e-07, 0.028146
2.703117e-07, 0.028508
2.705118e-07, 0.027146
2.707118e-07, 0.027674
2.709117e-07, 0.028897
2.711117e-07, 0.028619
2.713118e-07, 0.029453
2.715118e-07, 0.028535
2.717117e-07, 0.029286
2.719117e-07, 0.027702
2.721118e-07, 0.026812
2.723117e-07, 0.027146
2.725117e-07, 0.026673
2.727118e-07, 0.027146
2.729118e-07, 0.027340
2.731117e-07, 0.028980
2.733117e-07, 0.027924
2.735118e-07, 0.027702
2.737117e-07, 0.026340
2.739117e-07, 0.025144
2.741118e-07, 0.024172
2.743118e-07, 0.024783
2.745117e-07, 0.022671
2.747117e-07, 0.021253
2.749118e-07, 0.022421
2.751117e-07, 0.024033
2.753117e-07, 0.025617
2.755118e-07, 0.025673
2.757118e-07, 0.023644
2.759117e-07, 0.018891
2.761117e-07, 0.015833
2.763118e-07, 0.014777
2.765117e-07, 0.016778
2.767117e-07, 0.019363
2.769118e-07, 0.020697
2.771118e-07, 0.023338
2.773117e-07, 0.028841
2.775117e-07, 0.030954
2.777118e-07, 0.025617
2.779117e-07, 0.022893
2.781117e-07, 0.022754
2.783118e-07, 0.022254
2.785118e-07, 0.021309
2.787117e-07, 0.019419
2.789117e-07, 0.019363
2.791118e-07, 0.021392
2.793117e-07, 0.021726
2.795117e-07, 0.020864
2.797118e-07, 0.022031
2.799118e-07, 0.019363
2.801117e-07, 0.017001
2.803117e-07, 0.016834
2.805118e-07, 0.016500
2.807118e-07, 0.016334
2.809117e-07, 0.018696
2.811118e-07, 0.020808
2.813118e-07, 0.021281
2.815117e-07, 0.020086
2.817117e-07, 0.017334
2.819118e-07, 0.014694
2.821118e-07, 0.014666
2.823117e-07, 0.016695
2.825118e-07, 0.016778
2.827118e-07, 0.016584
2.829117e-07, 0.015111
2.831117e-07, 0.015972
2.833118e-07, 0.016556
2.835118e-07, 0.015972
2.837117e-07, 0.014749
2.839118e-07, 0.014499
2.841118e-07, 0.014582
2.843117e-07, 0.013749
2.845117e-07, 0.012887
2.847118e-07, 0.013248
2.849118e-07, 0.012220
2.851117e-07, 0.013665
2.853118e-07, 0.014471
2.855118e-07, 0.015055
2.857117e-07, 0.015083
2.859117e-07, 0.012248
2.861118e-07, 0.010191
2.863118e-07, 0.009524
2.865117e-07, 0.009663
2.867117e-07, 0.010219
2.869118e-07, 0.009913
2.871117e-07, 0.010330
2.873117e-07, 0.010858
2.875118e-07, 0.009941
2.877118e-07, 0.009635
2.879117e-07, 0.008273
2.881117e-07, 0.007467
2.883118e-07, 0.008829
2.885117e-07, 0.007939
2.887117e-07, 0.009524
2.889118e-07, 0.009023
2.891118e-07, 0.007495
2.893117e-07, 0.007745
2.895117e-07, 0.008440
2.897118e-07, 0.008745
2.899117e-07, 0.008273
2.901117e-07, 0.006716
2.903118e-07, 0.003854
2.905118e-07, 0.002158
2.907117e-07, 0.006411
2.909117e-07, 0.009857
2.911118e-07, 0.011080
2.913117e-07, 0.009774
2.915117e-07, 0.010052
2.917118e-07, 0.008190
2.919118e-07, 0.005160
2.921117e-07, 0.006716
2.923117e-07, 0.011247
2.925118e-07, 0.015250
2.927117e-07, 0.016973
2.929117e-07, 0.015917
2.931118e-07, 0.018307
2.933118e-07, 0.017668
2.935117e-07, 0.016750
2.937117e-07, 0.018529
2.939118e-07, 0.018585
2.941117e-07, 0.017779
2.943117e-07, 0.015333
2.945118e-07, 0.016056
2.947118e-07, 0.015694
2.949117e-07, 0.016750
2.951117e-07, 0.019530
2.953118e-07, 0.019613
2.955118e-07, 0.020225
2.957117e-07, 0.019613
2.959118e-07, 0.018779
2.961118e-07, 0.017834
2.963117e-07, 0.019641
2.965117e-07, 0.020781
2.967118e-07, 0.022560
2.969118e-07, 0.023894
2.971117e-07, 0.025867
2.973118e-07, 0.025534
2.975118e-07, 0.026506
2.977117e-07, 0.027535
2.979117e-07, 0.027062
2.981118e-07, 0.027841
2.983118e-07, 0.029119
2.985117e-07, 0.029175
2.987118e-07, 0.031037
2.989118e-07, 0.030509
2.991117e-07, 0.031093
2.993117e-07, 0.032065
2.995118e-07, 0.032343
2.997118e-07, 0.030509
2.999117e-07, 0.029814
3.001118e-07, 0.028813
3.003118e-07, 0.027980
3.005117e-07, 0.027646
3.007117e-07, 0.028563
3.009118e-07, 0.028563
3.011118e-07, 0.029481
3.013117e-07, 0.028647
3.015117e-07, 0.029453
3.017118e-07, 0.029897
3.019117e-07, 0.027868
3.021117e-07, 0.025784
3.023118e-07, 0.025978
3.025118e-07, 0.025311
3.027117e-07, 0.026757
3.029117e-07, 0.027785
3.031118e-07, 0.027563
3.033117e-07, 0.027674
3.035117e-07, 0.026840
3.037118e-07, 0.026395
3.039118e-07, 0.026701
3.041117e-07, 0.026117
3.043117e-07, 0.024894
3.045118e-07, 0.022671
3.047117e-07, 0.021587
3.049117e-07, 0.022726
3.051118e-07, 0.024366
3.053118e-07, 0.025756
3.055117e-07, 0.026145
3.057117e-07, 0.025395
3.059118e-07, 0.022254
3.061117e-07, 0.017807
3.063117e-07, 0.016250
3.065118e-07, 0.016472
3.067118e-07, 0.018668
3.069117e-07, 0.020002
3.071117e-07, 0.023477
3.073118e-07, 0.028674
3.075117e-07, 0.031899
3.077117e-07, 0.026868
3.079118e-07, 0.023783
3.081118e-07, 0.023727
3.083117e-07, 0.021670
3.085117e-07, 0.020058
3.087118e-07, 0.018918
3.089118e-07, 0.019002
3.091117e-07, 0.020503
3.093118e-07, 0.021364
3.095118e-07, 0.021559
3.097117e-07, 0.020753
3.099117e-07, 0.019447
3.101118e-07, 0.017556
3.103118e-07, 0.016083
3.105117e-07, 0.014749
3.107118e-07, 0.017473
3.109118e-07, 0.017529
3.111117e-07, 0.020308
3.113117e-07, 0.020920
3.115118e-07, 0.019419
3.117118e-07, 0.017973
3.119117e-07, 0.015444
3.121118e-07, 0.015444
3.123118e-07, 0.015611
3.125117e-07, 0.015388
3.127117e-07, 0.016028
3.129118e-07, 0.014721
3.131118e-07, 0.015250
3.133117e-07, 0.015805
3.135118e-07, 0.015333
3.137118e-07, 0.015416
3.139117e-07, 0.013415
3.141117e-07, 0.013304
3.143118e-07, 0.013415
3.145118e-07, 0.012331
3.147117e-07, 0.012442
3.149118e-07, 0.013832
3.151118e-07, 0.014555
3.153117e-07, 0.015277
3.155117e-07, 0.013999
3.157118e-07, 0.013026
3.159118e-07, 0.012136
3.161117e-07, 0.009802
3.163118e-07, 0.008801
3.165118e-07, 0.008857
3.167117e-07, 0.008607
3.169117e-07, 0.009385
3.171118e-07, 0.010830
3.173118e-07, 0.010413
3.175117e-07, 0.009774
3.177117e-07, 0.009051
3.179118e-07, 0.008384
3.181117e-07, 0.007217
3.183117e-07, 0.007467
3.185118e-07, 0.007884
3.187118e-07, 0.007995
3.189117e-07, 0.007189
3.191117e-07, 0.006300
3.193118e-07, 0.007661
3.195117e-07, 0.008384
3.197117e-07, 0.006855
3.199118e-07, 0.007328
3.201118e-07, 0.005021
3.203117e-07, 0.002881
3.205117e-07, 0.004020
3.207118e-07, 0.005966
3.209117e-07, 0.008690
3.211117e-07, 0.010052
3.213118e-07, 0.009857
3.215118e-07, 0.007523
3.217117e-07, 0.006689
3.219117e-07, 0.004076
3.221118e-07, 0.005966
3.223117e-07, 0.010858
3.225117e-07, 0.013415
3.227118e-07, 0.013582
3.229118e-07, 0.013304
3.231117e-07, 0.016639
3.233117e-07, 0.018057
3.235118e-07, 0.016111
3.237118e-07, 0.016862
3.239117e-07, 0.017918
3.241118e-07, 0.016723
3.243118e-07, 0.015555
3.245117e-07, 0.017473
3.247117e-07, 0.018946
3.249118e-07, 0.019558
3.251118e-07, 0.020336
3.253117e-07, 0.020725
3.255118e-07, 0.022504
3.257118e-07, 0.023421
3.259117e-07, 0.025033
3.261117e-07, 0.023588
3.263118e-07, 0.024477
3.265118e-07, 0.026562
3.267117e-07, 0.029175
3.269118e-07, 0.029119
3.271118e-07, 0.030731
3.273117e-07, 0.030426
3.275117e-07, 0.031093
3.277118e-07, 0.031593
3.279118e-07, 0.031815
3.281117e-07, 0.031287
3.283118e-07, 0.032427
3.285118e-07, 0.032844
3.287117e-07, 0.034206
3.289117e-07, 0.034484
3.291118e-07, 0.036012
3.293118e-07, 0.034734
3.295117e-07, 0.034345
3.297118e-07, 0.034873
3.299118e-07, 0.033705
3.301117e-07, 0.033400
3.303117e-07, 0.032733
3.305118e-07, 0.031593
3.307118e-07, 0.031732
3.309117e-07, 0.032705
3.311118e-07, 0.032621
3.313118e-07, 0.033539
3.315117e-07, 0.033261
3.317117e-07, 0.032371
3.319118e-07, 0.031843
3.321118e-07, 0.030648
3.323117e-07, 0.031315
3.325117e-07, 0.030231
3.327118e-07, 0.031649
3.329117e-07, 0.032955
3.331117e-07, 0.033038
3.333118e-07, 0.032343
3.335118e-07, 0.032399
3.337117e-07, 0.032093
3.339117e-07, 0.030759
3.341118e-07, 0.030092
3.343117e-07, 0.029175
3.345117e-07, 0.027813
3.347118e-07, 0.026312
3.349118e-07, 0.028702
3.351117e-07, 0.030759
3.353117e-07, 0.031093
3.355118e-07, 0.030565
3.357117e-07, 0.030926
3.359117e-07, 0.026896
3.361118e-07, 0.022226
3.363118e-07, 0.021337
3.365117e-07, 0.019919
3.367117e-07, 0.022087
3.369118e-07, 0.024366
3.371118e-07, 0.027257
3.373117e-07, 0.031371
3.375118e-07, 0.034956
3.377118e-07, 0.031815
3.379117e-07, 0.028007
3.381117e-07, 0.027396
3.383118e-07, 0.026645
3.385118e-07, 0.025033
3.387117e-07, 0.024283
3.389118e-07, 0.022532
3.391118e-07, 0.024283
3.393117e-07, 0.025283
3.395117e-07, 0.024644
3.397118e-07, 0.024311
3.399118e-07, 0.022754
3.401117e-07, 0.020614
3.403118e-07, 0.020364
3.405118e-07, 0.020280
3.407117e-07, 0.019252
3.409117e-07, 0.019836
3.411118e-07, 0.022949
3.413118e-07, 0.022893
3.415117e-07, 0.021698
3.417118e-07, 0.020447
3.419118e-07, 0.018668
3.421117e-07, 0.016889
3.423117e-07, 0.017028
3.425118e-07, 0.018446
3.427118e-07, 0.018946
3.429117e-07, 0.018251
3.431118e-07, 0.018335
3.433118e-07, 0.018613
3.435117e-07, 0.018029
3.437117e-07, 0.015833
3.439118e-07, 0.017445
3.441118e-07, 0.015472
3.443117e-07, 0.015194
3.445118e-07, 0.015222
3.447118e-07, 0.014694
3.449117e-07, 0.014443
3.451117e-07, 0.013832
3.453118e-07, 0.015472
3.455118e-07, 0.017167
3.457117e-07, 0.015527
3.459118e-07, 0.014610
3.461118e-07, 0.012220
3.463117e-07, 0.010719
3.465117e-07, 0.011052
3.467118e-07, 0.013054
3.469118e-07, 0.011469
3.471117e-07, 0.011581
3.473117e-07, 0.012275
3.475118e-07, 0.012136
3.477117e-07, 0.010441
3.479117e-07, 0.009746
3.481118e-07, 0.009051
3.483118e-07, 0.008078
3.485117e-07, 0.008190
3.487117e-07, 0.009913
3.489118e-07, 0.008051
3.491117e-07, 0.008023
3.493117e-07, 0.006994
3.495118e-07, 0.007467
3.497118e-07, 0.009774
3.499117e-07, 0.009135
3.501117e-07, 0.007495
3.503118e-07, 0.004409
3.505117e-07, 0.002909
3.507117e-07, 0.006216
3.509118e-07, 0.009635
3.511118e-07, 0.012387
3.513117e-07, 0.011831
3.515117e-07, 0.009913
3.517118e-07, 0.008857
3.519118e-07, 0.006550
3.521117e-07, 0.007050
3.523118e-07, 0.010302
3.525118e-07, 0.014610
3.527117e-07, 0.015722
3.529117e-07, 0.018085
3.531118e-07, 0.017973
3.533118e-07, 0.018918
3.535117e-07, 0.018474
3.537118e-07, 0.018752
3.539118e-07, 0.020086
3.541117e-07, 0.018668
3.543117e-07, 0.018140
3.545118e-07, 0.019613
3.547118e-07, 0.020642
3.549117e-07, 0.021281
3.551118e-07, 0.025228
3.553118e-07, 0.027312
3.555117e-07, 0.027090
3.557117e-07, 0.026645
3.559118e-07, 0.026117
3.561118e-07, 0.024033
3.563117e-07, 0.025172
3.565118e-07, 0.025839
3.567118e-07, 0.028007
3.569117e-07, 0.029870
3.571117e-07, 0.032788
3.573118e-07, 0.031676
3.575118e-07, 0.031732
3.577117e-07, 0.032760
3.579118e-07, 0.033344
3.581118e-07, 0.033372
3.583117e-07, 0.033288
3.585117e-07, 0.033316
3.587118e-07, 0.034706
3.589118e-07, 0.034400
3.591117e-07, 0.035790
3.593118e-07, 0.037041
3.595118e-07, 0.037569
3.597117e-07, 0.037430
3.599117e-07, 0.035595
3.601118e-07, 0.033316
3.603118e-07, 0.033789
3.605117e-07, 0.034456
3.607118e-07, 0.033900
3.609118e-07, 0.033122
3.611117e-07, 0.033066
3.613117e-07, 0.033288
3.615118e-07, 0.034206
3.617118e-07, 0.035206
3.619117e-07, 0.033233
3.621117e-07, 0.031537
3.623118e-07, 0.030481
3.625117e-07, 0.030537
3.627117e-07, 0.030676
3.629118e-07, 0.030703
3.631118e-07, 0.031454
3.633117e-07, 0.031815
3.635117e-07, 0.030703
3.637118e-07, 0.029564
3.639117e-07, 0.029342
3.641117e-07, 0.028146
3.643118e-07, 0.027535
3.645118e-07, 0.026034
3.647117e-07, 0.024533
3.649117e-07, 0.024867
3.651118e-07, 0.025756
3.653118e-07, 0.026896
3.655117e-07, 0.027868
3.657118e-07, 0.026256
3.659118e-07, 0.023393
3.661117e-07, 0.018640
3.663117e-07, 0.015972
3.665118e-07, 0.016584
3.667118e-07, 0.019002
3.669117e-07, 0.021531
3.671118e-07, 0.024227
3.673118e-07, 0.027841
3.675117e-07, 0.032621
3.677117e-07, 0.029981
3.679118e-07, 0.025506
3.681118e-07, 0.024589
3.683117e-07, 0.024033
3.685118e-07, 0.022421
3.687118e-07, 0.020781
3.689117e-07, 0.019085
3.691117e-07, 0.021309
3.693118e-07, 0.022949
3.695118e-07, 0.023032
3.697117e-07, 0.022365
3.699118e-07, 0.019780
3.701118e-07, 0.019113
3.703117e-07, 0.018557
3.705117e-07, 0.018085
3.707118e-07, 0.018363
3.709118e-07, 0.019085
3.711117e-07, 0.022143
3.713118e-07, 0.021781
3.715118e-07, 0.022448
3.717117e-07, 0.021476
3.719117e-07, 0.017890
3.721118e-07, 0.016778
3.723118e-07, 0.018001
3.725117e-07, 0.019613
3.727118e-07, 0.018974
3.729118e-07, 0.018418
3.731117e-07, 0.019836
3.733117e-07, 0.018891
3.735118e-07, 0.018390
3.737118e-07, 0.017195
3.739117e-07, 0.015500
3.741118e-07, 0.015444
3.743118e-07, 0.015083
3.745117e-07, 0.013915
3.747117e-07, 0.014916
3.749118e-07, 0.015138
3.751118e-07, 0.015250
3.753117e-07, 0.015305
3.755118e-07, 0.016556
3.757118e-07, 0.015250
3.759117e-07, 0.013915
3.761117e-07, 0.012609
3.763118e-07, 0.011886
3.765118e-07, 0.010941
3.767117e-07, 0.011303
3.769118e-07, 0.010802
3.771118e-07, 0.011025
3.773117e-07, 0.011581
3.775117e-07, 0.011970
3.777118e-07, 0.011525
3.779118e-07, 0.009579
3.781117e-07, 0.009218
3.783117e-07, 0.007300
3.785118e-07, 0.007328
3.787117e-07, 0.008884
3.789117e-07, 0.008662
3.791118e-07, 0.007439
3.793118e-07, 0.007217
3.795117e-07, 0.008551
3.797117e-07, 0.006828
3.799118e-07, 0.006800
3.801118e-07, 0.006772
3.803117e-07, 0.005299
3.805118e-07, 0.003048
3.807118e-07, 0.004271
3.809117e-07, 0.008996
3.811117e-07, 0.011581
3.813118e-07, 0.010469
3.815118e-07, 0.009885
3.817117e-07, 0.009218
3.819118e-07, 0.007439
3.821118e-07, 0.005605
3.823117e-07, 0.009135
3.825117e-07, 0.013081
3.827118e-07, 0.014694
3.829118e-07, 0.015944
3.831117e-07, 0.016750
3.833118e-07, 0.016973
3.835118e-07, 0.016750
3.837117e-07, 0.017390
3.839117e-07, 0.016445
3.841118e-07, 0.016250
3.843118e-07, 0.016389
3.845117e-07, 0.014610
3.847118e-07, 0.015917
3.849118e-07, 0.015527
3.851117e-07, 0.015388
3.853117e-07, 0.017028
3.855118e-07, 0.017306
3.857118e-07, 0.018085
3.859117e-07, 0.018196
3.861118e-07, 0.016445
3.863118e-07, 0.017834
3.865117e-07, 0.017473
3.867117e-07, 0.019391
3.869118e-07, 0.019419
3.871118e-07, 0.021781
3.873117e-07, 0.023949
3.875118e-07, 0.024060
3.877118e-07, 0.025228
3.879117e-07, 0.026228
3.881117e-07, 0.025228
3.883118e-07, 0.026340
3.885118e-07, 0.026673
3.887117e-07, 0.028480
3.889118e-07, 0.027424
3.891118e-07, 0.027201
3.893117e-07, 0.028258
3.895117e-07, 0.029481
3.897118e-07, 0.029481
3.899118e-07, 0.028313
3.901117e-07, 0.028535
3.903118e-07, 0.029397
3.905118e-07, 0.028397
3.907117e-07, 0.028591
3.909117e-07, 0.028424
3.911118e-07, 0.028313
3.913118e-07, 0.028980
3.915117e-07, 0.030453
3.917118e-07, 0.029369
3.919118e-07, 0.028897
3.921117e-07, 0.028007
3.923117e-07, 0.027729
3.925118e-07, 0.026395
3.927118e-07, 0.026117
3.929117e-07, 0.025923
3.931117e-07, 0.028230
3.933118e-07, 0.028285
3.935118e-07, 0.027201
3.937117e-07, 0.025784
3.939118e-07, 0.025617
3.941118e-07, 0.025256
3.943117e-07, 0.024978
3.945117e-07, 0.023088
3.947118e-07, 0.022337
3.949118e-07, 0.022615
3.951117e-07, 0.023143
3.953118e-07, 0.025895
3.955118e-07, 0.027451
3.957117e-07, 0.025700
3.959117e-07, 0.023004
3.961118e-07, 0.018529
3.963118e-07, 0.016611
3.965117e-07, 0.016306
3.967118e-07, 0.017779
3.969118e-07, 0.019224
3.971117e-07, 0.022059
3.973117e-07, 0.025728
3.975118e-07, 0.031093
3.977118e-07, 0.030231
3.979117e-07, 0.025311
3.981118e-07, 0.023227
3.983118e-07, 0.022448
3.985117e-07, 0.020058
3.987117e-07, 0.018752
3.989118e-07, 0.017890
3.991118e-07, 0.018974
3.993117e-07, 0.021503
3.995118e-07, 0.021754
3.997118e-07, 0.020586
3.999117e-07, 0.021670
4.001117e-07, 0.019057
4.003118e-07, 0.018640
4.005118e-07, 0.017251
4.007117e-07, 0.015722
4.009118e-07, 0.016278
4.011118e-07, 0.019780
4.013117e-07, 0.019085
4.015117e-07, 0.020725
4.017118e-07, 0.019474
4.019118e-07, 0.016306
4.021117e-07, 0.015972
4.023118e-07, 0.015639
4.025118e-07, 0.016639
4.027117e-07, 0.017028
4.029117e-07, 0.016028
4.031118e-07, 0.016278
4.033118e-07, 0.016723
4.035117e-07, 0.016945
4.037118e-07, 0.016945
4.039118e-07, 0.015472
4.041117e-07, 0.014416
4.043117e-07, 0.013971
4.045118e-07, 0.014082
4.047118e-07, 0.014443
4.049117e-07, 0.012748
4.051118e-07, 0.013832
4.053118e-07, 0.013610
4.055117e-07, 0.014082
4.057117e-07, 0.015583
4.059118e-07, 0.013387
4.061118e-07, 0.011219
4.063117e-07, 0.010163
4.065118e-07, 0.010135
4.067118e-07, 0.010719
4.069117e-07, 0.009135
4.071117e-07, 0.009162
4.073118e-07, 0.010441
4.075118e-07, 0.011164
4.077117e-07, 0.010886
4.079117e-07, 0.009246
4.081118e-07, 0.008134
4.083118e-07, 0.008273
4.085117e-07, 0.007217
4.087118e-07, 0.008078
4.089118e-07, 0.007022
4.091117e-07, 0.007300
4.093117e-07, 0.005883
4.095118e-07, 0.005966
4.097118e-07, 0.006550
4.099117e-07, 0.007356
4.101118e-07, 0.006911
4.103118e-07, 0.005688
4.105117e-07, 0.003020
4.107117e-07, 0.003103
4.109118e-07, 0.007078
4.111118e-07, 0.009440
4.113117e-07, 0.009413
4.115118e-07, 0.008412
4.117118e-07, 0.008023
4.119117e-07, 0.007133
4.121117e-07, 0.004187
4.123118e-07, 0.006967
4.125118e-07, 0.010469
4.127117e-07, 0.013554
4.129118e-07, 0.015833
4.131118e-07, 0.016778
4.133117e-07, 0.017334
4.135117e-07, 0.016806
4.137118e-07, 0.016834
4.139118e-07, 0.016834
4.141117e-07, 0.018085
4.143118e-07, 0.015305
4.145118e-07, 0.014610
4.147117e-07, 0.015833
4.149117e-07, 0.015611
4.151118e-07, 0.017862
4.153118e-07, 0.019447
4.155117e-07, 0.020892
4.157118e-07, 0.019836
4.159118e-07, 0.018418
4.161117e-07, 0.017279
4.163117e-07, 0.017640
4.165118e-07, 0.016973
4.167118e-07, 0.020670
4.169117e-07, 0.022031
4.171118e-07, 0.023060
4.173118e-07, 0.024088
4.175117e-07, 0.024616
4.177117e-07, 0.025561
4.179118e-07, 0.026451
4.181118e-07, 0.026757
4.183117e-07, 0.028202
4.185118e-07, 0.027201
4.187118e-07, 0.029203
4.189117e-07, 0.028925
4.191117e-07, 0.029230
4.193118e-07, 0.029008
4.195118e-07, 0.029814
4.197117e-07, 0.030981
4.199118e-07, 0.030398
4.201118e-07, 0.028424
4.203117e-07, 0.027535
4.205117e-07, 0.027813
4.207118e-07, 0.028202
4.209118e-07, 0.027062
4.211117e-07, 0.028452
4.213118e-07, 0.028980
4.215118e-07, 0.027451
4.217118e-07, 0.028480
4.219117e-07, 0.028952
4.221118e-07, 0.026228
4.223118e-07, 0.024755
4.225117e-07, 0.025506
4.227117e-07, 0.025978
4.229118e-07, 0.025561
4.231118e-07, 0.026090
4.233117e-07, 0.026590
4.235118e-07, 0.025728
4.237118e-07, 0.025700
4.239117e-07, 0.023088
4.241117e-07, 0.022726
4.243118e-07, 0.023838
4.245118e-07, 0.021920
4.247117e-07, 0.020114
4.249118e-07, 0.020753
4.251118e-07, 0.023199
4.253117e-07, 0.024172
4.255117e-07, 0.024700
4.257118e-07, 0.025172
4.259118e-07, 0.023227
4.261117e-07, 0.019169
4.263118e-07, 0.015472
4.265118e-07, 0.014304
4.267117e-07, 0.018085
4.269117e-07, 0.019280
4.271118e-07, 0.020169
4.273118e-07, 0.023254
4.275117e-07, 0.028369
4.277118e-07, 0.030565
4.279118e-07, 0.026228
4.281117e-07, 0.021476
4.283117e-07, 0.021309
4.285118e-07, 0.019752
4.287118e-07, 0.020225
4.289117e-07, 0.018251
4.291118e-07, 0.019780
4.293118e-07, 0.020002
4.295117e-07, 0.021031
4.297117e-07, 0.020558
4.299118e-07, 0.020753
4.301118e-07, 0.018779
4.303117e-07, 0.016195
4.305118e-07, 0.015861
4.307118e-07, 0.016778
4.309117e-07, 0.017779
4.311117e-07, 0.019141
4.313118e-07, 0.019697
4.315118e-07, 0.018863
4.317117e-07, 0.019002
4.319118e-07, 0.017306
4.321118e-07, 0.014666
4.323117e-07, 0.015388
4.325117e-07, 0.015694
4.327118e-07, 0.015778
4.329118e-07, 0.015333
4.331117e-07, 0.015861
4.333118e-07, 0.016778
4.335118e-07, 0.016556
4.337117e-07, 0.015555
4.339117e-07, 0.014999
4.341118e-07, 0.013721
4.343118e-07, 0.013304
4.345117e-07, 0.012609
4.347118e-07, 0.013526
4.349118e-07, 0.012303
4.351117e-07, 0.012053
4.353117e-07, 0.013693
4.355118e-07, 0.014610
4.357118e-07, 0.013943
4.359117e-07, 0.012970
4.361118e-07, 0.011108
4.363118e-07, 0.010636
4.365118e-07, 0.010191
4.367117e-07, 0.010191
4.369118e-07, 0.009663
4.371118e-07, 0.009746
4.373117e-07, 0.010024
4.375118e-07, 0.010552
4.377118e-07, 0.010552
4.379118e-07, 0.009635
4.381117e-07, 0.007939
4.383118e-07, 0.006772
4.385118e-07, 0.005855
4.387117e-07, 0.007022
4.389117e-07, 0.007022
4.391118e-07, 0.007217
4.393118e-07, 0.006939
4.395117e-07, 0.006300
4.397118e-07, 0.008023
4.399118e-07, 0.007523
4.401117e-07, 0.006605
4.403117e-07, 0.004965
4.405118e-07, 0.002353
4.407118e-07, 0.003770
4.409117e-07, 0.006911
4.411118e-07, 0.010886
4.413118e-07, 0.010274
4.415117e-07, 0.008329
4.417117e-07, 0.008134
4.419118e-07, 0.007495
4.421118e-07, 0.005243
4.423117e-07, 0.007356
4.425118e-07, 0.010469
4.427118e-07, 0.014360
4.429117e-07, 0.015333
4.431117e-07, 0.015722
4.433118e-07, 0.017362
4.435118e-07, 0.017723
4.437117e-07, 0.015555
4.439118e-07, 0.015639
4.441118e-07, 0.016000
4.443117e-07, 0.014972
4.445117e-07, 0.013665
4.447118e-07, 0.013693
4.449118e-07, 0.014388
4.451117e-07, 0.015277
4.453118e-07, 0.015722
4.455118e-07, 0.017418
4.457117e-07, 0.017584
4.459117e-07, 0.018085
4.461118e-07, 0.017445
4.463118e-07, 0.016111
4.465117e-07, 0.017529
4.467118e-07, 0.018585
4.469118e-07, 0.020280
4.471117e-07, 0.022949
4.473117e-07, 0.024060
4.475118e-07, 0.023588
4.477118e-07, 0.023755
4.479117e-07, 0.025839
4.481118e-07, 0.026618
4.483118e-07, 0.026729
4.485117e-07, 0.027757
4.487117e-07, 0.027396
4.489118e-07, 0.027396
4.491118e-07, 0.028980
4.493117e-07, 0.029758
4.495118e-07, 0.030565
4.497118e-07, 0.031259
4.499118e-07, 0.029953
4.501117e-07, 0.028202
4.503118e-07, 0.028869
4.505118e-07, 0.028591
4.507117e-07, 0.028563
4.509118e-07, 0.028202
4.511118e-07, 0.028869
4.513118e-07, 0.028925
4.515117e-07, 0.029369
4.517118e-07, 0.028508
4.519118e-07, 0.029119
4.521117e-07, 0.027952
4.523118e-07, 0.026673
4.525118e-07, 0.025839
4.527118e-07, 0.026701
4.529117e-07, 0.026395
4.531118e-07, 0.026618
4.533118e-07, 0.028119
4.535118e-07, 0.027396
4.537118e-07, 0.025228
4.539117e-07, 0.025061
4.541117e-07, 0.024422
4.543117e-07, 0.024589
4.545118e-07, 0.023115
4.547118e-07, 0.022532
4.549118e-07, 0.020892
4.551118e-07, 0.021031
4.553117e-07, 0.023616
4.555117e-07, 0.025839
4.557117e-07, 0.025895
4.559118e-07, 0.024644
4.561118e-07, 0.020280
4.563118e-07, 0.015972
4.565118e-07, 0.015055
4.567117e-07, 0.016306
4.569117e-07, 0.018307
4.571117e-07, 0.021337
4.573118e-07, 0.023366
4.575118e-07, 0.028313
4.577118e-07, 0.031093
4.579118e-07, 0.027146
4.581117e-07, 0.023449
4.583117e-07, 0.022782
4.585117e-07, 0.020864
4.587118e-07, 0.020808
4.589118e-07, 0.018863
4.591118e-07, 0.018418
4.593118e-07, 0.022254
4.595117e-07, 0.023060
4.597117e-07, 0.021892
4.599117e-07, 0.021253
4.601118e-07, 0.019863
4.603118e-07, 0.017779
4.605118e-07, 0.018390
4.607118e-07, 0.017279
4.609117e-07, 0.016278
4.611117e-07, 0.018835
4.613117e-07, 0.021698
4.615118e-07, 0.021253
4.617118e-07, 0.020225
4.619118e-07, 0.018335
4.621118e-07, 0.016889
4.623117e-07, 0.016584
4.625117e-07, 0.016639
4.627117e-07, 0.017695
4.629118e-07, 0.016834
4.631118e-07, 0.015722
4.633118e-07, 0.015639
4.635118e-07, 0.016389
4.637117e-07, 0.016139
4.639117e-07, 0.015472
4.641117e-07, 0.013193
4.643118e-07, 0.012943
4.645118e-07, 0.011970
4.647118e-07, 0.012442
4.649118e-07, 0.013248
4.651117e-07, 0.012998
4.653117e-07, 0.014249
4.655117e-07, 0.014749
4.657118e-07, 0.014582
4.659118e-07, 0.013220
4.661118e-07, 0.011942
4.663118e-07, 0.011025
4.665117e-07, 0.010219
4.667117e-07, 0.010330
4.669117e-07, 0.009246
4.671118e-07, 0.008662
4.673118e-07, 0.009440
4.675118e-07, 0.010274
4.677118e-07, 0.011303
4.679117e-07, 0.009635
4.681117e-07, 0.007300
4.683117e-07, 0.007467
4.685117e-07, 0.005855
4.687118e-07, 0.008523
4.689118e-07, 0.008023
4.691118e-07, 0.007884
4.693117e-07, 0.006828
4.695117e-07, 0.006300
4.697117e-07, 0.007272
4.699117e-07, 0.007800
4.701118e-07, 0.005771
4.703118e-07, 0.005855
4.705118e-07, 0.003437
4.707117e-07, 0.003325
4.709117e-07, 0.005132
4.711117e-07, 0.009301
4.713117e-07, 0.011136
4.715118e-07, 0.010497
4.717118e-07, 0.009274
4.719118e-07, 0.007995
4.721118e-07, 0.004799
4.723117e-07, 0.005855
4.725117e-07, 0.009607
4.727117e-07, 0.012665
4.729118e-07, 0.013665
4.731118e-07, 0.014666
4.733118e-07, 0.016306
4.735118e-07, 0.017473
4.737117e-07, 0.016834
4.739117e-07, 0.017334
4.741117e-07, 0.016584
4.743118e-07, 0.015917
4.745118e-07, 0.014777
4.747118e-07, 0.014527
4.749118e-07, 0.014805
4.751117e-07, 0.016139
4.753117e-07, 0.016167
4.755117e-07, 0.017028
4.757118e-07, 0.017918
4.759118e-07, 0.019447
4.761118e-07, 0.017862
4.763118e-07, 0.018807
4.765117e-07, 0.018418
4.767117e-07, 0.018863
4.769117e-07, 0.020781
4.771118e-07, 0.023366
4.773118e-07, 0.025117
4.775118e-07, 0.024783
4.777118e-07, 0.025200
4.779117e-07, 0.025339
4.781117e-07, 0.026784
4.783117e-07, 0.027590
4.785118e-07, 0.026840
4.787118e-07, 0.029286
4.789118e-07, 0.030203
4.791118e-07, 0.030120
4.793117e-07, 0.029758
4.795117e-07, 0.030537
4.797117e-07, 0.031065
4.799118e-07, 0.029897
4.801118e-07, 0.029564
4.803118e-07, 0.028841
4.805118e-07, 0.027896
4.807117e-07, 0.027702
4.809117e-07, 0.027340
4.811117e-07, 0.028452
4.813118e-07, 0.029369
4.815118e-07, 0.029425
4.817118e-07, 0.029036
4.819118e-07, 0.028591
4.821117e-07, 0.028007
4.823117e-07, 0.026673
4.825117e-07, 0.026340
4.827118e-07, 0.025839
4.829118e-07, 0.026701
4.831118e-07, 0.027090
4.833118e-07, 0.027896
4.835117e-07, 0.027729
4.837117e-07, 0.026062
4.839117e-07, 0.026395
4.841118e-07, 0.025561
4.843118e-07, 0.025422
4.845118e-07, 0.024811
4.847118e-07, 0.022421
4.849117e-07, 0.019919
4.851117e-07, 0.022838
4.853117e-07, 0.024589
4.855118e-07, 0.026340
4.857118e-07, 0.025728
4.859118e-07, 0.024644
4.861118e-07, 0.021253
4.863117e-07, 0.016111
4.865117e-07, 0.014555
4.867117e-07, 0.015694
4.869118e-07, 0.017445
4.871118e-07, 0.020586
4.873118e-07, 0.022393
4.875118e-07, 0.027340
4.877117e-07, 0.030759
4.879117e-07, 0.026784
4.881117e-07, 0.023143
4.883118e-07, 0.023310
4.885118e-07, 0.020892
4.887118e-07, 0.019863
4.889118e-07, 0.018029
4.891117e-07, 0.018807
4.893117e-07, 0.020197
4.895117e-07, 0.021392
4.897118e-07, 0.021086
4.899118e-07, 0.021642
4.901118e-07, 0.020058
4.903118e-07, 0.017084
4.905117e-07, 0.016361
4.907117e-07, 0.017918
4.909117e-07, 0.016111
4.911118e-07, 0.017779
4.913118e-07, 0.020781
4.915118e-07, 0.020197
4.917118e-07, 0.020419
4.919117e-07, 0.018891
4.921117e-07, 0.016334
4.923117e-07, 0.014860
4.925118e-07, 0.014944
4.927118e-07, 0.016695
4.929118e-07, 0.015611
4.931118e-07, 0.015861
4.933117e-07, 0.015416
4.935117e-07, 0.015666
4.937117e-07, 0.015611
4.939118e-07, 0.014416
4.941118e-07, 0.013749
4.943118e-07, 0.012581
4.945118e-07, 0.012720
4.947117e-07, 0.012887
4.949117e-07, 0.012081
4.951117e-07, 0.012553
4.953118e-07, 0.012776
4.955118e-07, 0.014193
4.957118e-07, 0.015250
4.959118e-07, 0.013582
4.961117e-07, 0.011386
4.963117e-07, 0.010691
4.965117e-07, 0.009691
4.967118e-07, 0.009023
4.969118e-07, 0.008495
4.971118e-07, 0.007773
4.973118e-07, 0.007856
4.975117e-07, 0.010330
4.977117e-07, 0.011052
4.979117e-07, 0.008356
4.981118e-07, 0.008273
4.983118e-07, 0.006577
4.985118e-07, 0.005744
4.987118e-07, 0.007272
4.989117e-07, 0.006577
4.991117e-07, 0.006466
4.993117e-07, 0.006994
4.995117e-07, 0.004298
4.997118e-07, 0.006967
4.999118e-07, 0.007606
5.001118e-07, 0.005660
5.003118e-07, 0.004910
5.005117e-07, 0.002603
5.007117e-07, 0.003187
5.009117e-07, 0.005410
5.011118e-07, 0.008607
5.013118e-07, 0.010080
5.015118e-07, 0.009718
5.017118e-07, 0.008940
5.019117e-07, 0.007245
5.021117e-07, 0.004521
5.023117e-07, 0.005382
5.025118e-07, 0.008356
5.027118e-07, 0.011414
5.029118e-07, 0.014054
5.031118e-07, 0.014666
5.033117e-07, 0.015555
5.035117e-07, 0.016472
5.037117e-07, 0.016028
5.039118e-07, 0.016556
5.041118e-07, 0.017056
5.043118e-07, 0.015222
5.045118e-07, 0.013498
5.047117e-07, 0.013387
5.049117e-07, 0.013443
5.051117e-07, 0.015083
5.053118e-07, 0.016862
5.055118e-07, 0.017390
5.057118e-07, 0.017751
5.059118e-07, 0.017584
5.061117e-07, 0.016639
5.063117e-07, 0.015055
5.065117e-07, 0.015555
5.067118e-07, 0.016778
5.069118e-07, 0.018168
5.071118e-07, 0.020586
5.073118e-07, 0.022309
5.075117e-07, 0.022643
5.077117e-07, 0.024255
5.079117e-07, 0.024839
5.081118e-07, 0.024867
5.083118e-07, 0.026312
5.085118e-07, 0.026284
5.087118e-07, 0.026729
5.089117e-07, 0.026757
5.091117e-07, 0.027729
5.093117e-07, 0.029119
5.095118e-07, 0.030009
5.097118e-07, 0.030842
5.099118e-07, 0.029814
5.101118e-07, 0.029286
5.103117e-07, 0.030148
5.105117e-07, 0.028007
5.107117e-07, 0.027646
5.109118e-07, 0.027424
5.111118e-07, 0.028174
5.113118e-07, 0.028535
5.115118e-07, 0.029703
5.117117e-07, 0.029842
5.119117e-07, 0.029369
5.121117e-07, 0.028035
5.123118e-07, 0.028480
5.125118e-07, 0.027285
5.127118e-07, 0.026868
5.129118e-07, 0.026117
5.131117e-07, 0.027757
5.133117e-07, 0.028119
5.135117e-07, 0.027535
5.137118e-07, 0.027507
5.139118e-07, 0.025228
5.141118e-07, 0.025534
5.143118e-07, 0.025395
5.145117e-07, 0.025256
5.147117e-07, 0.023866
5.149117e-07, 0.022921
5.151118e-07, 0.021392
5.153118e-07, 0.023199
5.155118e-07, 0.026479
5.157118e-07, 0.026062
5.159117e-07, 0.027007
5.161117e-07, 0.023671
5.163117e-07, 0.019836
5.165118e-07, 0.017084
5.167118e-07, 0.016056
5.169118e-07, 0.017112
5.171118e-07, 0.019808
5.173117e-07, 0.024088
5.175117e-07, 0.027618
5.177117e-07, 0.032538
5.179118e-07, 0.029731
5.181118e-07, 0.024616
5.183118e-07, 0.023810
5.185118e-07, 0.022476
5.187117e-07, 0.022115
5.189117e-07, 0.019780
5.191117e-07, 0.019252
5.193118e-07, 0.019447
5.195118e-07, 0.021114
5.197118e-07, 0.021392
5.199118e-07, 0.021698
5.201117e-07, 0.020808
5.203117e-07, 0.018251
5.205117e-07, 0.017251
5.207118e-07, 0.017862
5.209118e-07, 0.016306
5.211118e-07, 0.018224
5.213118e-07, 0.020253
5.215117e-07, 0.020836
5.217117e-07, 0.021086
5.219117e-07, 0.018974
5.221118e-07, 0.016167
5.223118e-07, 0.014527
5.225118e-07, 0.014360
5.227118e-07, 0.016584
5.229117e-07, 0.016528
5.231117e-07, 0.016083
5.233117e-07, 0.016584
5.235118e-07, 0.016334
5.237118e-07, 0.016167
5.239118e-07, 0.015972
5.241118e-07, 0.014082
5.243117e-07, 0.014416
5.245117e-07, 0.015222
5.247117e-07, 0.014388
5.249118e-07, 0.013165
5.251118e-07, 0.013387
5.253118e-07, 0.013610
5.255118e-07, 0.014332
5.257117e-07, 0.014721
5.259117e-07, 0.012887
5.261117e-07, 0.012748
5.263118e-07, 0.012053
5.265118e-07, 0.009329
5.267118e-07, 0.010135
5.269118e-07, 0.009357
5.271117e-07, 0.009274
5.273117e-07, 0.009524
5.275117e-07, 0.011970
5.277118e-07, 0.011831
5.279118e-07, 0.009996
5.281118e-07, 0.008440
5.283118e-07, 0.008217
5.285118e-07, 0.007912
5.287117e-07, 0.008718
5.289117e-07, 0.008329
5.291117e-07, 0.007661
5.293118e-07, 0.006855
5.295118e-07, 0.006355
5.297118e-07, 0.007356
5.299118e-07, 0.006967
5.301117e-07, 0.005855
5.303117e-07, 0.005327
5.305117e-07, 0.002658
5.307118e-07, 0.002408
5.309118e-07, 0.003603
5.311118e-07, 0.007828
5.313118e-07, 0.009274
5.315117e-07, 0.010552
5.317117e-07, 0.009635
5.319117e-07, 0.007939
5.321118e-07, 0.006188
5.323118e-07, 0.005632
5.325118e-07, 0.008745
5.327118e-07, 0.010969
5.329117e-07, 0.013137
5.331117e-07, 0.015666
5.333117e-07, 0.017001
5.335118e-07, 0.019057
5.337118e-07, 0.018001
5.339118e-07, 0.016778
5.341118e-07, 0.016945
5.343117e-07, 0.017834
5.345117e-07, 0.016584
5.347117e-07, 0.017112
5.349118e-07, 0.018001
5.351118e-07, 0.018974
5.353118e-07, 0.019447
5.355118e-07, 0.023532
5.357117e-07, 0.023894
5.359117e-07, 0.025006
5.361117e-07, 0.026868
5.363118e-07, 0.025673
5.365118e-07, 0.024728
5.367118e-07, 0.026840
5.369118e-07, 0.028202
5.371117e-07, 0.029758
5.373117e-07, 0.031732
5.375117e-07, 0.031899
5.377118e-07, 0.032343
5.379118e-07, 0.031676
5.381118e-07, 0.032371
5.383118e-07, 0.033400
5.385117e-07, 0.032871
5.387117e-07, 0.034595
5.389117e-07, 0.034567
5.391118e-07, 0.035317
5.393118e-07, 0.036040
5.395118e-07, 0.035151
5.397118e-07, 0.035846
5.399117e-07, 0.036624
5.401117e-07, 0.034678
5.403117e-07, 0.033400
5.405118e-07, 0.033177
5.407118e-07, 0.033427
5.409118e-07, 0.032371
5.411118e-07, 0.033344
5.413117e-07, 0.034762
5.415117e-07, 0.033177
5.417117e-07, 0.032427
5.419118e-07, 0.032566
5.421118e-07, 0.033149
5.423118e-07, 0.032427
5.425118e-07, 0.031287
5.427117e-07, 0.030287
5.429117e-07, 0.030481
5.431117e-07, 0.032038
5.433118e-07, 0.032983
5.435118e-07, 0.032343
5.437118e-07, 0.030703
5.439118e-07, 0.029925
5.441117e-07, 0.028841
5.443117e-07, 0.028591
5.445117e-07, 0.028119
5.447118e-07, 0.026729
5.449118e-07, 0.025923
5.451118e-07, 0.026840
5.453118e-07, 0.026590
5.455117e-07, 0.029814
5.457117e-07, 0.030203
5.459117e-07, 0.028869
5.461118e-07, 0.028063
5.463118e-07, 0.023560
5.465118e-07, 0.019502
5.467118e-07, 0.018335
5.469117e-07, 0.020670
5.471117e-07, 0.023310
5.473117e-07, 0.025617
5.475118e-07, 0.029036
5.477118e-07, 0.033010
5.479118e-07, 0.031982
5.481118e-07, 0.026979
5.483117e-07, 0.026451
5.485117e-07, 0.025951
5.487117e-07, 0.026173
5.489118e-07, 0.023115
5.491118e-07, 0.020364
5.493118e-07, 0.022004
5.495118e-07, 0.024116
5.497117e-07, 0.023866
5.499117e-07, 0.023088
5.501117e-07, 0.022532
5.503118e-07, 0.021642
5.505118e-07, 0.019669
5.507118e-07, 0.018696
5.509118e-07, 0.018752
5.511117e-07, 0.019836
5.513117e-07, 0.021698
5.515117e-07, 0.022782
5.517118e-07, 0.023588
5.519118e-07, 0.021170
5.521118e-07, 0.018307
5.523118e-07, 0.018557
5.525117e-07, 0.018835
5.527117e-07, 0.018502
5.529117e-07, 0.018696
5.531118e-07, 0.018029
5.533118e-07, 0.018251
5.535118e-07, 0.018891
5.537118e-07, 0.018696
5.539117e-07, 0.017279
5.541117e-07, 0.016389
5.543117e-07, 0.015027
5.545118e-07, 0.015527
5.547118e-07, 0.017028
5.549118e-07, 0.014888
5.551118e-07, 0.014666
5.553117e-07, 0.015555
5.555117e-07, 0.016139
5.557117e-07, 0.015750
5.559118e-07, 0.016000
5.561118e-07, 0.014193
5.563118e-07, 0.011997
5.565118e-07, 0.011970
5.567118e-07, 0.011525
5.569117e-07, 0.010358
5.571117e-07, 0.012498
5.573118e-07, 0.011747
5.575118e-07, 0.012053
5.577118e-07, 0.012665
5.579118e-07, 0.011636
5.581118e-07, 0.010691
5.583117e-07, 0.009857
5.585117e-07, 0.008217
5.587118e-07, 0.008523
5.589118e-07, 0.009329
5.591118e-07, 0.009496
5.593118e-07, 0.008245
5.595118e-07, 0.008356
5.597117e-07, 0.007634
5.599117e-07, 0.008023
5.601117e-07, 0.007133
5.603118e-07, 0.007328
5.605118e-07, 0.004938
5.607118e-07, 0.002936
5.609118e-07, 0.004132
5.611117e-07, 0.006828
5.613117e-07, 0.009857
5.615117e-07, 0.010302
5.617118e-07, 0.010469
5.619118e-07, 0.011108
5.621118e-07, 0.009385
5.623118e-07, 0.007439
5.625117e-07, 0.008773
5.627117e-07, 0.011803
5.629117e-07, 0.013220
5.631118e-07, 0.016083
5.633118e-07, 0.017140
5.635118e-07, 0.019085
5.637118e-07, 0.017167
5.639117e-07, 0.017279
5.641117e-07, 0.018196
5.643117e-07, 0.017946
5.645118e-07, 0.017223
5.647118e-07, 0.017723
5.649118e-07, 0.017862
5.651118e-07, 0.017973
5.653117e-07, 0.019724
5.655117e-07, 0.021587
5.657117e-07, 0.021003
5.659118e-07, 0.021086
5.661118e-07, 0.020586
5.663118e-07, 0.020141
5.665118e-07, 0.019836
5.667117e-07, 0.021225
5.669117e-07, 0.022504
5.671117e-07, 0.024283
5.673118e-07, 0.027340
5.675118e-07, 0.028647
5.677118e-07, 0.027757
5.679118e-07, 0.027312
5.681117e-07, 0.028119
5.683117e-07, 0.029230
5.685117e-07, 0.028980
5.687118e-07, 0.029397
5.689118e-07, 0.029619
5.691118e-07, 0.031120
5.693118e-07, 0.031843
5.695117e-07, 0.033066
5.697117e-07, 0.032288
5.699117e-07, 0.031926
5.701118e-07, 0.031426
5.703118e-07, 0.031371
5.705118e-07, 0.029175
5.707118e-07, 0.029036
5.709117e-07, 0.028452
5.711117e-07, 0.029119
5.713117e-07, 0.030009
5.715118e-07, 0.031037
5.717118e-07, 0.031148
5.719118e-07, 0.029481
5.721118e-07, 0.027368
5.723117e-07, 0.027118
5.725117e-07, 0.028007
5.727117e-07, 0.027813
5.729118e-07, 0.027062
5.731118e-07, 0.028563
5.733118e-07, 0.028424
5.735118e-07, 0.028230
5.737117e-07, 0.029286
5.739117e-07, 0.028535
5.741117e-07, 0.028063
5.743118e-07, 0.027312
5.745118e-07, 0.026201
5.747118e-07, 0.026340
5.749118e-07, 0.024644
5.751117e-07, 0.025311
5.753117e-07, 0.028535
5.755117e-07, 0.028980
5.757118e-07, 0.028397
5.759118e-07, 0.026729
5.761118e-07, 0.027757
5.763118e-07, 0.023810
5.765117e-07, 0.018057
5.767117e-07, 0.019030
5.769117e-07, 0.019697
5.771118e-07, 0.021448
5.773118e-07, 0.024088
5.775118e-07, 0.027674
5.777118e-07, 0.033233
5.779117e-07, 0.033650
5.781117e-07, 0.027618
5.783117e-07, 0.026034
5.785118e-07, 0.025033
5.787118e-07, 0.025784
5.789118e-07, 0.022921
5.791118e-07, 0.020392
5.793117e-07, 0.021642
5.795117e-07, 0.023421
5.797117e-07, 0.022615
5.799118e-07, 0.022810
5.801118e-07, 0.023143
5.803118e-07, 0.021670
5.805118e-07, 0.019391
5.807117e-07, 0.019697
5.809117e-07, 0.017695
5.811117e-07, 0.018668
5.813118e-07, 0.019919
5.815118e-07, 0.021698
5.817118e-07, 0.021781
5.819118e-07, 0.019474
5.821117e-07, 0.017862
5.823117e-07, 0.016695
5.825117e-07, 0.015055
5.827118e-07, 0.016723
5.829118e-07, 0.017862
5.831118e-07, 0.018168
5.833118e-07, 0.017473
5.835117e-07, 0.017556
5.837117e-07, 0.018001
5.839117e-07, 0.017001
5.841118e-07, 0.016083
5.843118e-07, 0.014944
5.845118e-07, 0.012943
5.847118e-07, 0.013359
5.849118e-07, 0.012442
5.851117e-07, 0.012526
5.853117e-07, 0.013332
5.855118e-07, 0.015555
5.857118e-07, 0.015444
5.859118e-07, 0.014443
5.861118e-07, 0.013971
5.863118e-07, 0.013637
5.865117e-07, 0.011386
5.867117e-07, 0.012109
5.869118e-07, 0.010080
5.871118e-07, 0.009996
5.873118e-07, 0.010580
5.875118e-07, 0.012025
5.877118e-07, 0.012748
5.879117e-07, 0.012359
5.881117e-07, 0.009885
5.883118e-07, 0.007912
5.885118e-07, 0.007411
5.887118e-07, 0.007689
5.889118e-07, 0.008217
5.891118e-07, 0.008384
5.893117e-07, 0.006689
5.895117e-07, 0.006216
5.897117e-07, 0.006828
5.899118e-07, 0.007634
5.901118e-07, 0.006911
5.903118e-07, 0.006689
5.905118e-07, 0.005160
5.907117e-07, 0.005077
5.909117e-07, 0.004048
5.911117e-07, 0.006883
5.913118e-07, 0.009496
5.915118e-07, 0.010469
5.917118e-07, 0.009718
5.919118e-07, 0.008329
5.921117e-07, 0.007967
5.923117e-07, 0.006411
5.925117e-07, 0.007717
5.927118e-07, 0.011442
5.929118e-07, 0.012609
5.931118e-07, 0.014277
5.933118e-07, 0.016111
5.935117e-07, 0.018307
5.937117e-07, 0.017279
5.939117e-07, 0.015194
5.941118e-07, 0.018168
5.943118e-07, 0.019030
5.945118e-07, 0.018557
5.947118e-07, 0.020697
5.949117e-07, 0.020975
5.951117e-07, 0.022976
5.953117e-07, 0.024644
5.955118e-07, 0.024867
5.957118e-07, 0.024589
5.959118e-07, 0.026062
5.961118e-07, 0.025367
5.963117e-07, 0.022893
5.965117e-07, 0.022587
5.967117e-07, 0.026145
5.969118e-07, 0.027146
5.971118e-07, 0.028341
5.973118e-07, 0.030175
5.975118e-07, 0.032510
5.977117e-07, 0.033261
5.979117e-07, 0.033817
5.981117e-07, 0.033149
5.983118e-07, 0.035039
5.985118e-07, 0.036624
5.987118e-07, 0.036318
5.989118e-07, 0.036179
5.991117e-07, 0.037708
5.993117e-07, 0.038681
5.995117e-07, 0.040043
5.997118e-07, 0.039292
5.999118e-07, 0.038736
6.001118e-07, 0.038375
6.003118e-07, 0.038764
6.005117e-07, 0.036763
6.007117e-07, 0.036123
6.009117e-07, 0.035151
6.011118e-07, 0.035067
6.013118e-07, 0.037013
6.015118e-07, 0.037652
6.017118e-07, 0.038319
6.019117e-07, 0.037235
6.021117e-07, 0.035151
6.023117e-07, 0.035206
6.025118e-07, 0.034400
6.027118e-07, 0.034289
6.029118e-07, 0.032538
6.031118e-07, 0.032288
6.033117e-07, 0.031843
6.035117e-07, 0.033372
6.037117e-07, 0.032427
6.039118e-07, 0.031871
6.041118e-07, 0.031482
6.043118e-07, 0.030314
6.045118e-07, 0.028786
6.047117e-07, 0.027535
6.049117e-07, 0.025673
6.051117e-07, 0.024366
6.053118e-07, 0.026395
6.055118e-07, 0.027868
6.057118e-07, 0.028591
6.059118e-07, 0.027813
6.061117e-07, 0.026979
6.063117e-07, 0.024616
6.065117e-07, 0.019975
6.067118e-07, 0.019169
6.069118e-07, 0.019335
6.071118e-07, 0.021059
6.073118e-07, 0.024505
6.075117e-07, 0.026506
6.077117e-07, 0.031787
6.079117e-07, 0.034706
6.081118e-07, 0.028480
6.083118e-07, 0.026506
6.085118e-07, 0.026228
6.087118e-07, 0.025506
6.089117e-07, 0.023838
6.091117e-07, 0.021865
6.093117e-07, 0.022309
6.095118e-07, 0.024422
6.097118e-07, 0.024060
6.099118e-07, 0.024338
6.101118e-07, 0.025395
6.103117e-07, 0.023644
6.105117e-07, 0.020531
6.107117e-07, 0.020558
6.109118e-07, 0.020253
6.111118e-07, 0.019419
6.113118e-07, 0.021670
6.115118e-07, 0.023755
6.117117e-07, 0.024533
6.119117e-07, 0.022448
6.121117e-07, 0.020197
6.123118e-07, 0.020253
6.125118e-07, 0.018779
6.127118e-07, 0.019530
6.129118e-07, 0.020086
6.131118e-07, 0.018363
6.133117e-07, 0.017807
6.135117e-07, 0.019474
6.137118e-07, 0.019308
6.139118e-07, 0.018613
6.141118e-07, 0.017640
6.143118e-07, 0.017223
6.145118e-07, 0.015583
6.147117e-07, 0.014805
6.149117e-07, 0.013888
6.151118e-07, 0.015472
6.153118e-07, 0.016056
6.155118e-07, 0.014999
6.157118e-07, 0.015388
6.159118e-07, 0.014833
6.161117e-07, 0.013220
6.163117e-07, 0.013193
6.165118e-07, 0.011553
6.167118e-07, 0.011414
6.169118e-07, 0.011747
6.171118e-07, 0.011692
6.173118e-07, 0.010358
6.175117e-07, 0.010636
6.177117e-07, 0.012414
6.179118e-07, 0.010969
6.181118e-07, 0.009301
6.183118e-07, 0.009468
6.185118e-07, 0.008829
6.187118e-07, 0.008634
6.189117e-07, 0.008662
6.191117e-07, 0.008634
6.193118e-07, 0.007578
6.195118e-07, 0.006383
6.197118e-07, 0.006161
6.199118e-07, 0.007161
6.201118e-07, 0.007606
6.203117e-07, 0.008440
6.205117e-07, 0.007161
6.207117e-07, 0.004993
6.209118e-07, 0.004854
6.211118e-07, 0.007384
6.213118e-07, 0.010636
6.215118e-07, 0.011608
6.217117e-07, 0.011831
6.219117e-07, 0.010385
6.221117e-07, 0.009329
6.223118e-07, 0.005688
6.225118e-07, 0.007272
6.227118e-07, 0.014777
6.229118e-07, 0.018752
6.231117e-07, 0.018946
6.233117e-07, 0.020058
6.235117e-07, 0.021726
6.237118e-07, 0.021198
6.239118e-07, 0.020364
6.241118e-07, 0.020975
6.243118e-07, 0.022087
6.245117e-07, 0.019308
6.247117e-07, 0.017028
6.249117e-07, 0.017529
6.251118e-07, 0.017529
6.253118e-07, 0.017862
6.255118e-07, 0.020058
6.257118e-07, 0.021809
6.259117e-07, 0.020614
6.261117e-07, 0.019363
6.263117e-07, 0.019891
6.265118e-07, 0.018557
6.267118e-07, 0.019863
6.269118e-07, 0.019975
6.271118e-07, 0.021781
6.273117e-07, 0.023949
6.275117e-07, 0.025228
6.277117e-07, 0.025339
6.279118e-07, 0.024783
6.281118e-07, 0.025589
6.283118e-07, 0.026506
6.285118e-07, 0.026173
6.287117e-07, 0.026034
6.289117e-07, 0.026451
6.291117e-07, 0.029481
6.293118e-07, 0.029592
6.295118e-07, 0.029481
6.297118e-07, 0.030676
6.299118e-07, 0.030509
6.301117e-07, 0.028869
6.303117e-07, 0.029008
6.305117e-07, 0.028619
6.307118e-07, 0.028230
6.309118e-07, 0.029064
6.311118e-07, 0.028730
6.313118e-07, 0.028591
6.315117e-07, 0.029425
6.317117e-07, 0.030064
6.319117e-07, 0.030287
6.321118e-07, 0.028480
6.323118e-07, 0.028397
6.325118e-07, 0.027924
6.327118e-07, 0.027563
6.329117e-07, 0.026256
6.331117e-07, 0.026423
6.333117e-07, 0.026645
6.335118e-07, 0.029397
6.337118e-07, 0.029314
6.339118e-07, 0.027785
6.341118e-07, 0.027035
6.343117e-07, 0.026506
6.345117e-07, 0.026312
6.347117e-07, 0.024811
6.349118e-07, 0.024533
6.351118e-07, 0.023393
6.353118e-07, 0.024644
6.355118e-07, 0.025867
6.357117e-07, 0.027785
6.359117e-07, 0.026784
6.361117e-07, 0.026506
6.363118e-07, 0.023254
6.365118e-07, 0.018446
6.367118e-07, 0.016389
6.369118e-07, 0.016750
6.371117e-07, 0.019030
6.373117e-07, 0.021003
6.375117e-07, 0.024088
6.377118e-07, 0.028841
6.379118e-07, 0.032482
6.381118e-07, 0.029147
6.383118e-07, 0.025283
6.385117e-07, 0.024422
6.387117e-07, 0.023338
6.389117e-07, 0.022393
6.391118e-07, 0.020558
6.393118e-07, 0.021059
6.395118e-07, 0.021781
6.397118e-07, 0.022754
6.399117e-07, 0.022615
6.401117e-07, 0.023560
6.403117e-07, 0.022031
6.405118e-07, 0.018640
6.407118e-07, 0.018502
6.409118e-07, 0.018585
6.411118e-07, 0.017556
6.413118e-07, 0.018946
6.415117e-07, 0.019975
6.417117e-07, 0.021281
6.419118e-07, 0.020141
6.421118e-07, 0.018140
6.423118e-07, 0.017668
6.425118e-07, 0.016472
6.427118e-07, 0.017306
6.429117e-07, 0.016750
6.431117e-07, 0.016556
6.433118e-07, 0.017612
6.435118e-07, 0.017251
6.437118e-07, 0.017668
6.439118e-07, 0.017668
6.441118e-07, 0.016472
6.443117e-07, 0.014582
6.445117e-07, 0.013582
6.447118e-07, 0.014054
6.449118e-07, 0.012303
6.451118e-07, 0.013165
6.453118e-07, 0.014221
6.455118e-07, 0.014888
6.457117e-07, 0.015333
6.459117e-07, 0.015472
6.461118e-07, 0.014360
6.463118e-07, 0.013054
6.465118e-07, 0.011136
6.467118e-07, 0.011164
6.469118e-07, 0.010219
6.471117e-07, 0.008551
6.473117e-07, 0.008329
6.475118e-07, 0.009496
6.477118e-07, 0.010663
6.479118e-07, 0.011775
6.481118e-07, 0.010524
6.483118e-07, 0.009329
6.485117e-07, 0.008051
6.487117e-07, 0.008356
6.489118e-07, 0.007384
6.491118e-07, 0.008607
6.493118e-07, 0.008217
6.495118e-07, 0.006967
6.497118e-07, 0.006466
6.499117e-07, 0.006967
6.501117e-07, 0.007828
6.503117e-07, 0.008329
6.505118e-07, 0.006911
6.507118e-07, 0.004910
6.509118e-07, 0.001936
6.511118e-07, 0.004521
6.513117e-07, 0.008857
6.515117e-07, 0.011247
6.517117e-07, 0.011442
6.519118e-07, 0.009579
6.521118e-07, 0.008468
6.523118e-07, 0.006049
6.525118e-07, 0.005605
6.527117e-07, 0.011831
6.529117e-07, 0.015083
6.531117e-07, 0.016028
6.533118e-07, 0.016000
6.535118e-07, 0.017223
6.537118e-07, 0.018779
6.539118e-07, 0.018001
6.541117e-07, 0.018918
6.543117e-07, 0.019030
6.545117e-07, 0.018557
6.547118e-07, 0.017807
6.549118e-07, 0.015972
6.551118e-07, 0.016945
6.553118e-07, 0.018251
6.555117e-07, 0.019780
6.557117e-07, 0.021309
6.559117e-07, 0.021031
6.561118e-07, 0.019975
6.563118e-07, 0.020586
6.565118e-07, 0.018640
6.567118e-07, 0.019391
6.569117e-07, 0.020892
6.571117e-07, 0.021698
6.573117e-07, 0.023505
6.575118e-07, 0.025617
6.577118e-07, 0.026534
6.579118e-07, 0.027980
6.581118e-07, 0.027729
6.583117e-07, 0.028480
6.585117e-07, 0.027841
6.587117e-07, 0.030064
6.589118e-07, 0.029175
6.591118e-07, 0.030703
6.593118e-07, 0.030592
6.595118e-07, 0.031537
6.597117e-07, 0.032149
6.599117e-07, 0.031315
6.601117e-07, 0.031482
6.603118e-07, 0.031315
6.605118e-07, 0.029425
6.607118e-07, 0.029091
6.609118e-07, 0.028285
6.611117e-07, 0.028619
6.613117e-07, 0.027841
6.615117e-07, 0.028230
6.617118e-07, 0.029870
6.619118e-07, 0.029675
6.621118e-07, 0.028647
6.623118e-07, 0.029342
6.625117e-07, 0.027924
6.627117e-07, 0.026590
6.629117e-07, 0.025951
6.631118e-07, 0.026201
6.633118e-07, 0.029036
6.635118e-07, 0.028647
6.637118e-07, 0.026868
6.639117e-07, 0.027340
6.641117e-07, 0.026451
6.643117e-07, 0.026145
6.645118e-07, 0.025506
6.647118e-07, 0.024450
6.649118e-07, 0.024255
6.651118e-07, 0.023199
6.653117e-07, 0.022365
6.655117e-07, 0.024366
6.657117e-07, 0.025228
6.659118e-07, 0.025839
6.661118e-07, 0.025422
6.663118e-07, 0.022282
6.665118e-07, 0.018502
6.667117e-07, 0.015833
6.669117e-07, 0.015750
6.671117e-07, 0.017946
6.673118e-07, 0.020058
6.675118e-07, 0.022560
6.677118e-07, 0.027035
6.679118e-07, 0.032427
6.681117e-07, 0.029953
6.683117e-07, 0.025200
6.685117e-07, 0.023227
6.687118e-07, 0.022810
6.689118e-07, 0.021198
6.691118e-07, 0.018696
6.693118e-07, 0.019308
6.695118e-07, 0.020280
6.697117e-07, 0.021559
6.699117e-07, 0.022059
6.701118e-07, 0.020892
6.703118e-07, 0.021086
6.705118e-07, 0.017973
6.707118e-07, 0.017668
6.709118e-07, 0.016917
6.711117e-07, 0.017390
6.713117e-07, 0.018307
6.715118e-07, 0.020531
6.717118e-07, 0.022282
6.719118e-07, 0.021003
6.721118e-07, 0.018779
6.723118e-07, 0.017501
6.725117e-07, 0.016306
6.727117e-07, 0.016278
6.729118e-07, 0.016361
6.731118e-07, 0.017362
6.733118e-07, 0.017501
6.735118e-07, 0.017529
6.737118e-07, 0.017390
6.739117e-07, 0.016250
6.741117e-07, 0.015138
6.743118e-07, 0.014443
6.745118e-07, 0.012748
6.747118e-07, 0.013665
6.749118e-07, 0.012804
6.751118e-07, 0.011970
6.753117e-07, 0.012581
6.755117e-07, 0.013665
6.757118e-07, 0.015027
6.759118e-07, 0.014694
6.761118e-07, 0.013749
6.763118e-07, 0.013026
6.765118e-07, 0.011442
6.767117e-07, 0.011330
6.769117e-07, 0.010274
6.771118e-07, 0.009274
6.773118e-07, 0.009218
6.775118e-07, 0.009829
6.777118e-07, 0.010775
6.779118e-07, 0.010886
6.781117e-07, 0.010969
6.783117e-07, 0.008162
6.785118e-07, 0.006355
6.787118e-07, 0.007467
6.789118e-07, 0.007495
6.791118e-07, 0.009246
6.793118e-07, 0.007634
6.795117e-07, 0.006800
6.797117e-07, 0.005966
6.799118e-07, 0.006300
6.801118e-07, 0.007050
6.803118e-07, 0.007606
6.805118e-07, 0.006077
6.807118e-07, 0.005493
6.809117e-07, 0.003464
6.811117e-07, 0.003770
6.813117e-07, 0.006967
6.815118e-07, 0.010830
6.817118e-07, 0.010302
6.819118e-07, 0.008801
6.821118e-07, 0.008829
6.823117e-07, 0.005938
6.825117e-07, 0.004771
6.827117e-07, 0.009718
6.829118e-07, 0.013832
6.831118e-07, 0.015333
6.833118e-07, 0.016778
6.835118e-07, 0.017918
6.837117e-07, 0.018696
6.839117e-07, 0.017501
6.841117e-07, 0.017334
6.843118e-07, 0.020419
6.845118e-07, 0.018779
6.847118e-07, 0.016222
6.849118e-07, 0.013193
6.851117e-07, 0.014749
6.853117e-07, 0.015277
6.855117e-07, 0.016695
6.857118e-07, 0.018752
6.859118e-07, 0.018946
6.861118e-07, 0.019947
6.863118e-07, 0.019669
6.865117e-07, 0.017890
6.867117e-07, 0.018863
6.869117e-07, 0.019447
6.871118e-07, 0.020114
6.873118e-07, 0.021253
6.875118e-07, 0.024199
6.877118e-07, 0.024533
6.879117e-07, 0.025367
6.881117e-07, 0.025617
6.883117e-07, 0.027451
6.885118e-07, 0.027980
6.887118e-07, 0.026896
6.889118e-07, 0.026145
6.891118e-07, 0.027312
6.893117e-07, 0.029008
6.895117e-07, 0.029897
6.897117e-07, 0.030231
6.899118e-07, 0.030565
6.901118e-07, 0.030036
6.903118e-07, 0.029091
6.905118e-07, 0.028786
6.907117e-07, 0.029592
6.909117e-07, 0.027952
6.911117e-07, 0.027757
6.913118e-07, 0.029286
6.915118e-07, 0.030342
6.917118e-07, 0.030342
6.919118e-07, 0.030370
6.921117e-07, 0.029731
6.923117e-07, 0.029314
6.925117e-07, 0.027174
6.927118e-07, 0.026812
6.929118e-07, 0.024950
6.931118e-07, 0.026562
6.933118e-07, 0.026840
6.935117e-07, 0.026506
6.937117e-07, 0.027924
6.939117e-07, 0.026228
6.941118e-07, 0.025617
6.943118e-07, 0.026145
6.945118e-07, 0.025895
6.947118e-07, 0.025867
6.949117e-07, 0.024227
6.951117e-07, 0.023421
6.953117e-07, 0.023282
6.955118e-07, 0.024950
6.957118e-07, 0.026868
6.959118e-07, 0.026757
6.961118e-07, 0.025673
6.963117e-07, 0.025061
6.965117e-07, 0.019419
6.967117e-07, 0.015583
6.969118e-07, 0.016222
6.971118e-07, 0.018502
6.973118e-07, 0.019113
6.975118e-07, 0.021337
6.977118e-07, 0.025033
6.979117e-07, 0.031287
6.981117e-07, 0.030592
6.983118e-07, 0.026645
6.985118e-07, 0.024144
6.987118e-07, 0.023699
6.989118e-07, 0.023338
6.991118e-07, 0.020558
6.993117e-07, 0.019891
6.995117e-07, 0.021920
6.997118e-07, 0.023004
6.999118e-07, 0.022754
7.001118e-07, 0.022309
7.003118e-07, 0.021837
7.005118e-07, 0.019613
7.007117e-07, 0.018140
7.009117e-07, 0.017862
7.011118e-07, 0.017112
7.013118e-07, 0.018224
7.015118e-07, 0.020975
7.017118e-07, 0.022004
7.019118e-07, 0.019975
7.021117e-07, 0.018835
7.023117e-07, 0.016862
7.025118e-07, 0.016639
7.027118e-07, 0.015805
7.029118e-07, 0.015222
7.031118e-07, 0.017167
7.033118e-07, 0.016195
7.035117e-07, 0.016611
7.037117e-07, 0.017556
7.039118e-07, 0.017973
7.041118e-07, 0.016862
7.043118e-07, 0.015444
7.045118e-07, 0.015111
7.047118e-07, 0.014555
7.049117e-07, 0.013304
7.051117e-07, 0.013804
7.053118e-07, 0.013304
7.055118e-07, 0.013526
7.057118e-07, 0.015444
7.059118e-07, 0.015305
7.061118e-07, 0.015166
7.063117e-07, 0.013832
7.065117e-07, 0.011942
7.067118e-07, 0.010830
7.069118e-07, 0.009552
7.071118e-07, 0.009357
7.073118e-07, 0.009829
7.075118e-07, 0.010246
7.077117e-07, 0.010580
7.079117e-07, 0.010913
7.081118e-07, 0.010413
7.083118e-07, 0.009329
7.085118e-07, 0.007939
7.087118e-07, 0.008468
7.089118e-07, 0.007939
7.091117e-07, 0.007912
7.093117e-07, 0.008329
7.095118e-07, 0.006994
7.097118e-07, 0.007995
7.099118e-07, 0.007328
7.101118e-07, 0.006661
7.103118e-07, 0.006522
7.105117e-07, 0.005577
7.107117e-07, 0.003631
7.109117e-07, 0.001324
7.111118e-07, 0.003965
7.113118e-07, 0.008440
7.115118e-07, 0.010580
7.117118e-07, 0.010163
7.119117e-07, 0.009996
7.121117e-07, 0.008801
7.123117e-07, 0.007689
7.125118e-07, 0.005299
7.127118e-07, 0.008857
7.129118e-07, 0.013498
7.131118e-07, 0.016250
7.133117e-07, 0.017445
7.135117e-07, 0.018279
7.137117e-07, 0.019363
7.139118e-07, 0.017501
7.141118e-07, 0.017279
7.143118e-07, 0.019335
7.145118e-07, 0.017807
7.147117e-07, 0.016445
7.149117e-07, 0.014193
7.151117e-07, 0.014638
7.153118e-07, 0.016056
7.155118e-07, 0.018168
7.157118e-07, 0.019752
7.159118e-07, 0.020836
7.161117e-07, 0.020030
7.163117e-07, 0.019586
7.165117e-07, 0.018918
7.167118e-07, 0.018140
7.169118e-07, 0.017668
7.171118e-07, 0.021225
7.173118e-07, 0.023810
7.175117e-07, 0.023977
7.177117e-07, 0.024950
7.179117e-07, 0.025756
7.181118e-07, 0.025728
7.183118e-07, 0.027007
7.185118e-07, 0.027702
7.187118e-07, 0.028813
7.189117e-07, 0.028369
7.191117e-07, 0.029703
7.193117e-07, 0.030620
7.195118e-07, 0.031565
7.197118e-07, 0.033038
7.199118e-07, 0.031621
7.201118e-07, 0.031537
7.203117e-07, 0.031787
7.205117e-07, 0.030314
7.207117e-07, 0.030175
7.209118e-07, 0.028369
7.211118e-07, 0.028591
7.213118e-07, 0.029897
7.215118e-07, 0.030453
7.217117e-07, 0.030703
7.219117e-07, 0.028897
7.221117e-07, 0.027980
7.223118e-07, 0.028369
7.225118e-07, 0.026923
7.227118e-07, 0.027007
7.229118e-07, 0.026590
7.231117e-07, 0.026034
7.233117e-07, 0.027785
7.235117e-07, 0.028341
7.237118e-07, 0.028007
7.239118e-07, 0.027563
7.241118e-07, 0.025728
7.243118e-07, 0.026117
7.245117e-07, 0.026006
7.247117e-07, 0.024839
7.249117e-07, 0.022810
7.251118e-07, 0.022643
7.253118e-07, 0.022532
7.255118e-07, 0.023727
7.257118e-07, 0.025506
7.259118e-07, 0.026840
7.261117e-07, 0.025728
7.263117e-07, 0.024755
7.265118e-07, 0.019530
7.267118e-07, 0.015694
7.269118e-07, 0.015750
7.271118e-07, 0.017223
7.273118e-07, 0.019224
7.275117e-07, 0.021531
7.277117e-07, 0.024616
7.279118e-07, 0.029564
7.281118e-07, 0.032177
7.283118e-07, 0.027146
7.285118e-07, 0.024005
7.287118e-07, 0.022170
7.289117e-07, 0.021364
7.291117e-07, 0.020614
7.293118e-07, 0.019363
7.295118e-07, 0.019502
7.297118e-07, 0.022699
7.299118e-07, 0.022587
7.301118e-07, 0.023338
7.303117e-07, 0.021892
7.305117e-07, 0.019196
7.307118e-07, 0.017834
7.309118e-07, 0.018196
7.311118e-07, 0.017946
7.313118e-07, 0.018529
7.315118e-07, 0.021114
7.317117e-07, 0.021559
7.319117e-07, 0.022393
7.321118e-07, 0.020197
7.323118e-07, 0.017723
7.325118e-07, 0.016695
7.327118e-07, 0.016556
7.329118e-07, 0.016111
7.331117e-07, 0.017167
7.333117e-07, 0.017556
7.335118e-07, 0.016556
7.337118e-07, 0.016417
7.339118e-07, 0.015805
7.341118e-07, 0.015388
7.343118e-07, 0.014499
7.345117e-07, 0.014166
7.347117e-07, 0.013999
7.349118e-07, 0.012748
7.351118e-07, 0.013276
7.353118e-07, 0.013693
7.355118e-07, 0.014749
7.357118e-07, 0.014694
7.359117e-07, 0.015194
7.361117e-07, 0.014972
7.363118e-07, 0.014166
7.365118e-07, 0.012275
7.367118e-07, 0.011052
7.369118e-07, 0.010246
7.371118e-07, 0.009802
7.373117e-07, 0.009663
7.375117e-07, 0.009885
7.377118e-07, 0.012025
7.379118e-07, 0.012164
7.381118e-07, 0.013081
7.383118e-07, 0.011247
7.385118e-07, 0.009329
7.387117e-07, 0.008607
7.389117e-07, 0.006744
7.391118e-07, 0.008134
7.393118e-07, 0.008607
7.395118e-07, 0.007133
7.397118e-07, 0.006439
7.399118e-07, 0.007133
7.401117e-07, 0.007133
7.403117e-07, 0.007661
7.405118e-07, 0.007133
7.407118e-07, 0.006133
7.409118e-07, 0.002881
7.411118e-07, 0.002575
7.413118e-07, 0.006188
7.415117e-07, 0.009524
7.417117e-07, 0.011442
7.419117e-07, 0.010358
7.421118e-07, 0.008968
7.423118e-07, 0.007328
7.425118e-07, 0.004271
7.427118e-07, 0.006716
7.429117e-07, 0.012081
7.431117e-07, 0.014499
7.433117e-07, 0.015639
7.435118e-07, 0.016834
7.437118e-07, 0.019558
7.439118e-07, 0.019141
7.441118e-07, 0.016611
7.443117e-07, 0.018529
7.445117e-07, 0.018752
7.447117e-07, 0.017167
7.449118e-07, 0.016083
7.451118e-07, 0.016306
7.453118e-07, 0.015166
7.455118e-07, 0.016528
7.457117e-07, 0.018363
7.459117e-07, 0.019641
7.461117e-07, 0.019057
7.463118e-07, 0.018474
7.465118e-07, 0.018418
7.467118e-07, 0.018724
7.469118e-07, 0.018390
7.471117e-07, 0.019502
7.473117e-07, 0.021003
7.475117e-07, 0.023088
7.477118e-07, 0.024894
7.479118e-07, 0.025228
7.481118e-07, 0.025867
7.483118e-07, 0.025006
7.485117e-07, 0.026979
7.487117e-07, 0.027646
7.489117e-07, 0.026784
7.491118e-07, 0.027563
7.493118e-07, 0.029314
7.495118e-07, 0.030537
7.497118e-07, 0.031037
7.499117e-07, 0.029536
7.501117e-07, 0.030926
7.503117e-07, 0.030676
7.505118e-07, 0.030453
7.507118e-07, 0.029119
7.509118e-07, 0.029675
7.511118e-07, 0.029036
7.513117e-07, 0.027201
7.515117e-07, 0.029286
7.517117e-07, 0.030175
7.519118e-07, 0.028202
7.521118e-07, 0.028674
7.523118e-07, 0.028897
7.525118e-07, 0.027368
7.527117e-07, 0.027535
7.529117e-07, 0.027035
7.531117e-07, 0.026006
7.533118e-07, 0.027174
7.535118e-07, 0.029953
7.537118e-07, 0.030509
7.539118e-07, 0.028730
7.541118e-07, 0.028508
7.543117e-07, 0.027424
7.545117e-07, 0.025089
7.547118e-07, 0.024783
7.549118e-07, 0.023922
7.551118e-07, 0.023060
7.553118e-07, 0.022504
7.555118e-07, 0.024088
7.557117e-07, 0.026284
7.559117e-07, 0.026618
7.561118e-07, 0.025450
7.563118e-07, 0.024616
7.565118e-07, 0.021587
7.567118e-07, 0.017612
7.569118e-07, 0.015416
7.571117e-07, 0.016056
7.573117e-07, 0.019975
7.575118e-07, 0.023449
7.577118e-07, 0.025589
7.579118e-07, 0.028619
7.581118e-07, 0.032733
7.583118e-07, 0.028174
7.585117e-07, 0.023616
7.587117e-07, 0.024227
7.589118e-07, 0.022254
7.591118e-07, 0.021587
7.593118e-07, 0.021281
7.595118e-07, 0.020920
7.597118e-07, 0.023060
7.599117e-07, 0.023977
7.601117e-07, 0.023699
7.603118e-07, 0.024172
7.605118e-07, 0.020920
7.607118e-07, 0.018585
7.609118e-07, 0.017445
7.611118e-07, 0.017862
7.613117e-07, 0.017028
7.615117e-07, 0.019697
7.617118e-07, 0.022031
7.619118e-07, 0.021198
7.621118e-07, 0.019919
7.623118e-07, 0.019419
7.625118e-07, 0.017779
7.627117e-07, 0.017501
7.629117e-07, 0.016222
7.631118e-07, 0.017529
7.633118e-07, 0.016806
7.635118e-07, 0.015611
7.637118e-07, 0.017251
7.639118e-07, 0.017501
7.641117e-07, 0.016695
7.643117e-07, 0.016334
7.645118e-07, 0.015250
7.647118e-07, 0.014527
7.649118e-07, 0.013248
7.651118e-07, 0.014694
7.653118e-07, 0.014443
7.655117e-07, 0.014721
7.657117e-07, 0.013888
7.659118e-07, 0.014054
7.661118e-07, 0.014805
7.663118e-07, 0.014443
7.665118e-07, 0.011525
7.667118e-07, 0.009829
7.669117e-07, 0.009774
7.671117e-07, 0.010163
7.673118e-07, 0.009941
7.675118e-07, 0.010858
7.677118e-07, 0.011414
7.679118e-07, 0.011136
7.681118e-07, 0.010775
7.683117e-07, 0.009718
7.685117e-07, 0.008579
7.687118e-07, 0.007717
7.689118e-07, 0.007161
7.691118e-07, 0.007995
7.693118e-07, 0.007745
7.695118e-07, 0.006661
7.697117e-07, 0.007328
7.699117e-07, 0.007495
7.701118e-07, 0.006161
7.703118e-07, 0.007912
7.705118e-07, 0.007078
7.707118e-07, 0.006133
7.709118e-07, 0.003520
7.711117e-07, 0.003381
7.713117e-07, 0.005966
7.715117e-07, 0.010080
7.717118e-07, 0.010107
7.719118e-07, 0.010552
7.721118e-07, 0.010080
7.723118e-07, 0.008829
7.725117e-07, 0.004576
7.727117e-07, 0.007689
7.729117e-07, 0.013026
7.731118e-07, 0.016028
7.733118e-07, 0.015527
7.735118e-07, 0.016445
7.737118e-07, 0.020002
7.739117e-07, 0.020253
7.741117e-07, 0.019196
7.743117e-07, 0.019919
7.745118e-07, 0.020419
7.747118e-07, 0.019669
7.749118e-07, 0.016611
7.751118e-07, 0.016834
7.753117e-07, 0.017918
7.755117e-07, 0.019057
7.757117e-07, 0.020364
7.759118e-07, 0.021253
7.761118e-07, 0.020392
7.763118e-07, 0.020531
7.765118e-07, 0.019697
7.767117e-07, 0.020336
7.769117e-07, 0.019558
7.771117e-07, 0.021281
7.773118e-07, 0.021615
7.775118e-07, 0.024783
7.777118e-07, 0.026784
7.779118e-07, 0.026173
7.781117e-07, 0.027285
7.783117e-07, 0.028007
7.785117e-07, 0.028674
7.787118e-07, 0.028674
7.789118e-07, 0.028119
7.791118e-07, 0.030620
7.793118e-07, 0.030620
7.795117e-07, 0.031148
7.797117e-07, 0.031787
7.799117e-07, 0.032010
7.801118e-07, 0.031621
7.803118e-07, 0.030954
7.805118e-07, 0.030620
7.807118e-07, 0.031120
7.809117e-07, 0.029258
7.811117e-07, 0.028758
7.813117e-07, 0.028091
7.815118e-07, 0.030398
7.817118e-07, 0.032065
7.819118e-07, 0.031232
7.821118e-07, 0.029897
7.823118e-07, 0.029981
7.825117e-07, 0.027757
7.827117e-07, 0.027368
7.829118e-07, 0.026340
7.831118e-07, 0.026979
7.833118e-07, 0.026729
7.835118e-07, 0.028730
7.837118e-07, 0.029175
7.839117e-07, 0.028424
7.841117e-07, 0.026506
7.843118e-07, 0.027924
7.845118e-07, 0.026173
7.847118e-07, 0.026312
7.849118e-07, 0.024533
7.851118e-07, 0.023755
7.853117e-07, 0.022448
7.855117e-07, 0.024338
7.857118e-07, 0.026228
7.859118e-07, 0.027118
7.861118e-07, 0.026868
7.863118e-07, 0.026312
7.865118e-07, 0.023338
7.867117e-07, 0.019752
7.869117e-07, 0.017973
7.871118e-07, 0.016222
7.873118e-07, 0.018779
7.875118e-07, 0.021031
7.877118e-07, 0.023088
7.879118e-07, 0.029036
7.881117e-07, 0.033316
7.883117e-07, 0.029981
7.885118e-07, 0.025645
7.887118e-07, 0.024283
7.889118e-07, 0.023338
7.891118e-07, 0.021837
7.893118e-07, 0.020308
7.895117e-07, 0.020225
7.897117e-07, 0.022087
7.899118e-07, 0.022504
7.901118e-07, 0.021420
7.903118e-07, 0.021337
7.905118e-07, 0.020781
7.907118e-07, 0.018807
7.909117e-07, 0.017334
7.911117e-07, 0.017584
7.913118e-07, 0.017556
7.915118e-07, 0.019863
7.917118e-07, 0.021587
7.919118e-07, 0.021587
7.921118e-07, 0.020197
7.923117e-07, 0.018724
7.925117e-07, 0.015500
7.927118e-07, 0.015750
7.929118e-07, 0.016028
7.931118e-07, 0.017001
7.933118e-07, 0.018029
7.935118e-07, 0.018001
7.937117e-07, 0.017445
7.939117e-07, 0.016917
7.941118e-07, 0.015250
7.943118e-07, 0.015917
7.945118e-07, 0.014638
7.947118e-07, 0.013776
7.949118e-07, 0.013443
7.951117e-07, 0.013526
7.953117e-07, 0.011886
7.955118e-07, 0.011859
7.957118e-07, 0.013387
7.959118e-07, 0.015527
7.961118e-07, 0.015639
7.963118e-07, 0.015166
7.965117e-07, 0.013999
7.967117e-07, 0.012275
7.969118e-07, 0.011469
7.971118e-07, 0.010469
7.973118e-07, 0.010775
7.975118e-07, 0.009552
7.977118e-07, 0.010163
7.979117e-07, 0.010997
7.981117e-07, 0.010524
7.983118e-07, 0.010775
7.985118e-07, 0.009079
7.987118e-07, 0.008106
7.989118e-07, 0.007439
7.991118e-07, 0.008523
7.993117e-07, 0.008690
7.995117e-07, 0.007828
7.997118e-07, 0.006939
7.999118e-07, 0.006439
8.001118e-07, 0.005994
8.003118e-07, 0.007495
8.005118e-07, 0.006022
8.007117e-07, 0.006244
8.009117e-07, 0.003603
8.011118e-07, 0.002103
8.013118e-07, 0.004187
8.015118e-07, 0.008245
8.017118e-07, 0.011442
8.019118e-07, 0.010608
8.021117e-07, 0.008745
8.023117e-07, 0.007745
8.025117e-07, 0.003659
8.027118e-07, 0.005077
8.029118e-07, 0.010052
8.031118e-07, 0.014027
8.033118e-07, 0.015166
8.035117e-07, 0.016445
8.037117e-07, 0.017862
8.039117e-07, 0.019280
8.041118e-07, 0.017862
8.043118e-07, 0.017668
8.045118e-07, 0.019363
8.047118e-07, 0.018140
8.049117e-07, 0.014638
8.051117e-07, 0.016028
8.053117e-07, 0.016528
8.055118e-07, 0.017890
8.057118e-07, 0.019113
8.059118e-07, 0.019697
8.061118e-07, 0.019057
8.063117e-07, 0.018279
8.065117e-07, 0.017890
8.067117e-07, 0.018557
8.069118e-07, 0.017473
8.071118e-07, 0.018168
8.073118e-07, 0.022309
8.075118e-07, 0.024060
8.077117e-07, 0.023949
8.079117e-07, 0.024255
8.081117e-07, 0.023783
8.083118e-07, 0.025311
8.085118e-07, 0.027674
8.087118e-07, 0.028063
8.089118e-07, 0.026590
8.091117e-07, 0.026923
8.093117e-07, 0.026423
8.095117e-07, 0.029119
8.097118e-07, 0.030759
8.099118e-07, 0.030537
8.101118e-07, 0.030342
8.103118e-07, 0.030537
8.105118e-07, 0.029481
8.107117e-07, 0.029147
8.109117e-07, 0.028146
8.111118e-07, 0.027312
8.113118e-07, 0.028647
8.115118e-07, 0.029425
8.117118e-07, 0.028591
8.119118e-07, 0.028869
8.121117e-07, 0.029425
8.123117e-07, 0.029842
8.125118e-07, 0.028619
8.127118e-07, 0.027813
8.129118e-07, 0.027201
8.131118e-07, 0.027868
8.133118e-07, 0.028007
8.135117e-07, 0.029203
8.137117e-07, 0.029592
8.139118e-07, 0.029592
8.141118e-07, 0.027785
8.143118e-07, 0.026367
8.145118e-07, 0.025839
8.147118e-07, 0.025951
8.149117e-07, 0.025006
8.151117e-07, 0.022587
8.153118e-07, 0.022226
8.155118e-07, 0.023727
8.157118e-07, 0.025645
8.159118e-07, 0.026618
8.161118e-07, 0.026673
8.163117e-07, 0.026423
8.165117e-07, 0.024672
8.167118e-07, 0.019141
8.169118e-07, 0.016611
8.171118e-07, 0.018946
8.173118e-07, 0.019780
8.175118e-07, 0.021253
8.177117e-07, 0.024116
8.179117e-07, 0.026201
8.181118e-07, 0.031037
8.183118e-07, 0.028730
8.185118e-07, 0.024477
8.187118e-07, 0.024811
8.189118e-07, 0.023366
8.191117e-07, 0.022476
8.193117e-07, 0.020781
8.195118e-07, 0.020419
8.197118e-07, 0.021114
8.199118e-07, 0.022810
8.201118e-07, 0.022532
8.203118e-07, 0.022170
8.205117e-07, 0.021531
8.207117e-07, 0.018557
8.209118e-07, 0.017084
8.211118e-07, 0.018918
8.213118e-07, 0.017112
8.215118e-07, 0.018307
8.217118e-07, 0.019891
8.219117e-07, 0.021670
8.221117e-07, 0.020392
8.223118e-07, 0.018946
8.225118e-07, 0.016417
8.227118e-07, 0.015972
8.229118e-07, 0.015194
8.231118e-07, 0.016056
8.233117e-07, 0.017501
8.235117e-07, 0.016667
8.237118e-07, 0.015444
8.239118e-07, 0.015583
8.241118e-07, 0.015611
8.243118e-07, 0.016306
8.245118e-07, 0.015305
8.247117e-07, 0.014416
8.249117e-07, 0.011997
8.251118e-07, 0.012303
8.253118e-07, 0.011247
8.255118e-07, 0.011442
8.257118e-07, 0.013026
8.259118e-07, 0.013971
8.261117e-07, 0.013109
8.263117e-07, 0.013554
8.265118e-07, 0.011997
8.267118e-07, 0.010663
8.269118e-07, 0.010052
8.271118e-07, 0.008106
8.273118e-07, 0.008078
8.275117e-07, 0.009023
8.277117e-07, 0.009357
8.279118e-07, 0.009524
8.281118e-07, 0.010802
8.283118e-07, 0.010552
8.285118e-07, 0.008829
8.287118e-07, 0.007133
8.289117e-07, 0.006188
8.291117e-07, 0.007856
8.293118e-07, 0.007884
8.295118e-07, 0.007300
8.297118e-07, 0.006800
8.299118e-07, 0.006355
8.301118e-07, 0.007189
8.303117e-07, 0.006855
8.305117e-07, 0.006967
8.307118e-07, 0.007300
8.309118e-07, 0.004020
8.311118e-07, 0.002603
8.313118e-07, 0.003381
8.315118e-07, 0.007439
8.317117e-07, 0.010830
8.319117e-07, 0.010358
8.321117e-07, 0.008912
8.323118e-07, 0.009190
8.325118e-07, 0.006161
8.327118e-07, 0.005910
8.329118e-07, 0.009857
8.331117e-07, 0.013248
8.333117e-07, 0.014972
8.335117e-07, 0.016139
8.337118e-07, 0.018585
8.339118e-07, 0.021253
8.341118e-07, 0.018640
8.343118e-07, 0.017890
8.345117e-07, 0.018613
8.347117e-07, 0.018168
8.349117e-07, 0.016083
8.351118e-07, 0.016278
8.353118e-07, 0.016222
8.355118e-07, 0.017751
8.357118e-07, 0.019335
8.359117e-07, 0.019752
8.361117e-07, 0.020392
8.363117e-07, 0.019836
8.365118e-07, 0.019196
8.367118e-07, 0.019975
8.369118e-07, 0.018446
8.371118e-07, 0.019530
8.373117e-07, 0.021503
8.375117e-07, 0.022615
8.377117e-07, 0.025367
8.379118e-07, 0.025867
8.381118e-07, 0.025812
8.383118e-07, 0.027424
8.385118e-07, 0.027646
8.387118e-07, 0.028563
8.389117e-07, 0.027618
8.391117e-07, 0.029286
8.393118e-07, 0.030787
8.395118e-07, 0.032705
8.397118e-07, 0.033594
8.399118e-07, 0.032232
8.401118e-07, 0.031398
8.403117e-07, 0.033066
8.405117e-07, 0.033122
8.407118e-07, 0.031232
8.409118e-07, 0.030231
8.411118e-07, 0.029647
8.413118e-07, 0.030092
8.415118e-07, 0.030592
8.417117e-07, 0.030120
8.419117e-07, 0.030342
8.421118e-07, 0.030676
8.423118e-07, 0.030342
8.425118e-07, 0.028841
8.427118e-07, 0.029536
8.429118e-07, 0.028591
8.431117e-07, 0.026618
8.433117e-07, 0.026201
8.435118e-07, 0.027646
8.437118e-07, 0.027980
8.439118e-07, 0.027646
8.441118e-07, 0.026117
8.443118e-07, 0.026729
8.445117e-07, 0.025506
8.447117e-07, 0.025450
8.449118e-07, 0.024978
8.451118e-07, 0.023477
8.453118e-07, 0.021225
8.455118e-07, 0.021698
8.457118e-07, 0.022393
8.459117e-07, 0.024116
8.461117e-07, 0.024422
8.463118e-07, 0.025200
8.465118e-07, 0.021587
8.467118e-07, 0.017056
8.469118e-07, 0.014888
8.471118e-07, 0.015527
8.473117e-07, 0.016639
8.475117e-07, 0.019196
8.477118e-07, 0.021531
8.479118e-07, 0.024978
8.481118e-07, 0.031287
8.483118e-07, 0.031787
8.485118e-07, 0.025395
8.487117e-07, 0.022309
8.489117e-07, 0.021114
8.491118e-07, 0.021253
8.493118e-07, 0.020503
8.495118e-07, 0.019975
8.497118e-07, 0.020531
8.499118e-07, 0.022254
8.501117e-07, 0.022838
8.503117e-07, 0.023532
8.505118e-07, 0.022198
8.507118e-07, 0.020141
8.509118e-07, 0.017946
8.511118e-07, 0.019502
8.513118e-07, 0.017946
8.515117e-07, 0.018724
8.517117e-07, 0.020141
8.519118e-07, 0.020725
8.521118e-07, 0.020114
8.523118e-07, 0.018335
8.525118e-07, 0.017445
8.527118e-07, 0.017334
8.529117e-07, 0.015778
8.531117e-07, 0.016111
8.533118e-07, 0.016222
8.535118e-07, 0.016111
8.537118e-07, 0.015833
8.539118e-07, 0.016111
8.541118e-07, 0.016417
8.543117e-07, 0.016639
8.545117e-07, 0.015583
8.547118e-07, 0.015277
8.549118e-07, 0.014360
8.551118e-07, 0.013582
8.553118e-07, 0.012748
8.555118e-07, 0.012859
8.557117e-07, 0.014110
8.559117e-07, 0.013637
8.561118e-07, 0.014777
8.563118e-07, 0.014916
8.565118e-07, 0.012943
8.567118e-07, 0.011720
8.569118e-07, 0.010636
8.571117e-07, 0.009718
8.573117e-07, 0.009023
8.575118e-07, 0.009802
8.577118e-07, 0.009496
8.579118e-07, 0.010358
8.581118e-07, 0.010691
8.583118e-07, 0.009357
8.585117e-07, 0.008468
8.587117e-07, 0.008551
8.589118e-07, 0.007133
8.591118e-07, 0.006716
8.593118e-07, 0.007328
8.595118e-07, 0.007411
8.597118e-07, 0.006439
8.599117e-07, 0.004771
8.601117e-07, 0.005243
8.603118e-07, 0.006466
8.605118e-07, 0.006800
8.607118e-07, 0.006855
8.609118e-07, 0.005327
8.611118e-07, 0.003298
8.613117e-07, 0.002214
8.615117e-07, 0.006967
8.617118e-07, 0.010913
8.619118e-07, 0.011747
8.621118e-07, 0.009023
8.623118e-07, 0.007411
8.625118e-07, 0.006439
8.627117e-07, 0.005299
8.629117e-07, 0.008078
8.631117e-07, 0.012470
8.633118e-07, 0.014805
8.635118e-07, 0.016389
8.637118e-07, 0.017751
8.639118e-07, 0.019724
8.641117e-07, 0.017695
8.643117e-07, 0.017167
8.645117e-07, 0.018363
8.647118e-07, 0.018502
8.649118e-07, 0.015361
8.651118e-07, 0.014277
8.653118e-07, 0.014805
8.655117e-07, 0.015778
8.657117e-07, 0.017334
8.659117e-07, 0.018446
8.661118e-07, 0.017946
8.663118e-07, 0.018640
8.665118e-07, 0.018585
8.667118e-07, 0.017501
8.669118e-07, 0.016973
8.671117e-07, 0.017362
8.673117e-07, 0.018779
8.675118e-07, 0.021225
8.677118e-07, 0.022309
8.679118e-07, 0.022309
8.681118e-07, 0.023588
8.683118e-07, 0.024783
8.685117e-07, 0.025367
8.687117e-07, 0.025506
8.689118e-07, 0.025117
8.691118e-07, 0.025617
8.693118e-07, 0.026006
8.695118e-07, 0.028758
8.697118e-07, 0.029175
8.699117e-07, 0.029758
8.701117e-07, 0.028424
8.703118e-07, 0.028647
8.705118e-07, 0.028397
8.707118e-07, 0.028202
8.709118e-07, 0.027813
8.711118e-07, 0.026979
8.713117e-07, 0.026757
8.715117e-07, 0.027618
8.717118e-07, 0.028841
8.719118e-07, 0.029619
8.721118e-07, 0.029425
8.723118e-07, 0.030426
8.725118e-07, 0.029397
8.727117e-07, 0.028035
8.729117e-07, 0.026534
8.731118e-07, 0.027368
8.733118e-07, 0.026506
8.735118e-07, 0.027646
8.737118e-07, 0.027980
8.739118e-07, 0.026645
8.741117e-07, 0.026562
8.743117e-07, 0.027174
8.745118e-07, 0.027201
8.747118e-07, 0.026284
8.749118e-07, 0.024811
8.751118e-07, 0.024283
8.753118e-07, 0.021865
8.755117e-07, 0.022337
8.757117e-07, 0.024589
8.759118e-07, 0.026618
8.761118e-07, 0.027590
8.763118e-07, 0.026451
8.765118e-07, 0.024533
8.767118e-07, 0.020058
8.769117e-07, 0.016834
8.771117e-07, 0.017584
8.773118e-07, 0.017251
8.775118e-07, 0.019224
8.777118e-07, 0.022309
8.779118e-07, 0.025700
8.781118e-07, 0.031676
8.783117e-07, 0.032343
8.785117e-07, 0.026117
8.787118e-07, 0.024172
8.789118e-07, 0.022504
8.791118e-07, 0.022365
8.793118e-07, 0.021476
8.795118e-07, 0.019724
8.797117e-07, 0.020725
8.799117e-07, 0.023783
8.801118e-07, 0.021948
8.803118e-07, 0.021531
8.805118e-07, 0.022810
8.807118e-07, 0.020308
8.809118e-07, 0.017334
8.811117e-07, 0.017084
8.813117e-07, 0.016417
8.815118e-07, 0.016195
8.817118e-07, 0.019613
8.819118e-07, 0.020920
8.821118e-07, 0.019586
8.823118e-07, 0.018168
8.825117e-07, 0.016139
8.827117e-07, 0.016000
8.829118e-07, 0.015778
8.831118e-07, 0.015694
8.833118e-07, 0.016667
8.835118e-07, 0.015666
8.837118e-07, 0.015666
8.839117e-07, 0.016500
8.841117e-07, 0.016667
8.843118e-07, 0.016111
8.845118e-07, 0.015277
8.847118e-07, 0.014944
8.849118e-07, 0.013804
8.851118e-07, 0.013582
8.853117e-07, 0.012387
8.855117e-07, 0.012776
8.857118e-07, 0.013637
8.859118e-07, 0.015750
8.861118e-07, 0.016028
8.863118e-07, 0.014110
8.865118e-07, 0.012331
8.867117e-07, 0.011747
8.869117e-07, 0.010830
8.871118e-07, 0.009413
8.873118e-07, 0.009663
8.875118e-07, 0.009941
8.877118e-07, 0.009746
8.879118e-07, 0.010107
8.881117e-07, 0.010886
8.883117e-07, 0.010830
8.885118e-07, 0.009329
8.887118e-07, 0.008857
8.889118e-07, 0.007606
8.891118e-07, 0.007523
8.893118e-07, 0.007133
8.895117e-07, 0.007272
8.897117e-07, 0.006828
8.899118e-07, 0.006577
8.901118e-07, 0.006828
8.903118e-07, 0.007828
8.905118e-07, 0.006883
8.907118e-07, 0.007300
8.909117e-07, 0.004910
8.911117e-07, 0.002380
8.913118e-07, 0.002936
8.915118e-07, 0.005716
8.917118e-07, 0.008634
8.919118e-07, 0.010135
8.921118e-07, 0.008579
8.923117e-07, 0.008134
8.925117e-07, 0.006800
8.927117e-07, 0.003687
8.929118e-07, 0.006105
8.931118e-07, 0.012025
8.933118e-07, 0.014805
8.935118e-07, 0.015083
8.937117e-07, 0.016834
8.939117e-07, 0.018640
8.941117e-07, 0.017695
8.943118e-07, 0.016417
8.945118e-07, 0.017918
8.947118e-07, 0.017668
8.949118e-07, 0.016445
8.951118e-07, 0.016445
8.953117e-07, 0.016139
8.955117e-07, 0.018029
8.957118e-07, 0.019196
8.959118e-07, 0.020002
8.961118e-07, 0.020447
8.963118e-07, 0.020614
8.965118e-07, 0.019669
8.967117e-07, 0.018891
8.969117e-07, 0.017279
8.971118e-07, 0.018946
8.973118e-07, 0.020253
8.975118e-07, 0.022365
8.977118e-07, 0.024755
8.979118e-07, 0.024783
8.981117e-07, 0.025144
8.983117e-07, 0.025283
8.985118e-07, 0.026117
8.987118e-07, 0.026784
8.989118e-07, 0.027340
8.991118e-07, 0.028285
8.993118e-07, 0.028174
8.995117e-07, 0.030092
8.997117e-07, 0.030342
8.999118e-07, 0.030370
9.001118e-07, 0.030703
9.003118e-07, 0.029647
9.005118e-07, 0.029286
9.007118e-07, 0.029064
9.009117e-07, 0.028758
9.011117e-07, 0.028647
9.013118e-07, 0.027646
9.015118e-07, 0.028230
9.017118e-07, 0.027563
9.019118e-07, 0.029147
9.021118e-07, 0.029203
9.023117e-07, 0.028258
9.025117e-07, 0.028202
9.027118e-07, 0.027702
9.029118e-07, 0.025812
9.031118e-07, 0.025089
9.033118e-07, 0.026506
9.035118e-07, 0.026312
9.037117e-07, 0.027424
9.039117e-07, 0.027146
9.041118e-07, 0.025700
9.043118e-07, 0.027507
9.045118e-07, 0.025895
9.047118e-07, 0.024755
9.049118e-07, 0.025450
9.051117e-07, 0.024227
9.053117e-07, 0.022421
9.055118e-07, 0.021948
9.057118e-07, 0.022560
9.059118e-07, 0.024616
9.061118e-07, 0.026534
9.063118e-07, 0.026284
9.065117e-07, 0.024283
9.067117e-07, 0.020808
9.069118e-07, 0.016334
9.071118e-07, 0.017362
9.073118e-07, 0.017445
9.075118e-07, 0.018112
9.077118e-07, 0.020419
9.079117e-07, 0.024033
9.081117e-07, 0.029425
9.083118e-07, 0.031899
9.085118e-07, 0.026340
9.087118e-07, 0.023449
9.089118e-07, 0.022282
9.091118e-07, 0.020975
9.093117e-07, 0.020836
9.095117e-07, 0.019669
9.097118e-07, 0.019752
9.099118e-07, 0.021615
9.101118e-07, 0.021253
9.103118e-07, 0.020670
9.105118e-07, 0.021531
9.107117e-07, 0.019836
9.109117e-07, 0.017140
9.111118e-07, 0.016834
9.113118e-07, 0.016973
9.115118e-07, 0.017028
9.117118e-07, 0.019252
9.119118e-07, 0.020225
9.121117e-07, 0.019502
9.123117e-07, 0.019224
9.125118e-07, 0.017723
9.127118e-07, 0.015611
9.129118e-07, 0.015166
9.131118e-07, 0.016334
9.133118e-07, 0.015694
9.135117e-07, 0.016139
9.137117e-07, 0.015778
9.139118e-07, 0.016000
9.141118e-07, 0.016862
9.143118e-07, 0.015805
9.145118e-07, 0.014916
9.147118e-07, 0.015750
9.149117e-07, 0.014805
9.151117e-07, 0.013832
9.153118e-07, 0.013915
9.155118e-07, 0.013498
9.157118e-07, 0.013582
9.159118e-07, 0.015722
9.161118e-07, 0.014388
9.163117e-07, 0.014443
9.165117e-07, 0.014555
9.167118e-07, 0.012553
9.169118e-07, 0.012164
9.171118e-07, 0.010107
9.173118e-07, 0.008162
9.175118e-07, 0.008884
9.177117e-07, 0.010024
9.179117e-07, 0.010107
9.181118e-07, 0.009941
9.183118e-07, 0.011191
9.185118e-07, 0.010163
9.187118e-07, 0.008940
9.189118e-07, 0.007800
9.191117e-07, 0.007967
9.193117e-07, 0.006383
9.195118e-07, 0.008245
9.197118e-07, 0.008356
9.199118e-07, 0.006939
9.201118e-07, 0.005994
9.203118e-07, 0.006494
9.205117e-07, 0.006689
9.207117e-07, 0.006077
9.209118e-07, 0.004799
9.211118e-07, 0.003103
9.213118e-07, 0.001880
9.215118e-07, 0.006216
9.217118e-07, 0.008273
9.219117e-07, 0.009162
9.221117e-07, 0.008468
9.223118e-07, 0.008356
9.225118e-07, 0.006300
9.227118e-07, 0.002936
9.229118e-07, 0.005077
9.231118e-07, 0.011386
9.233118e-07, 0.014777
9.235117e-07, 0.014999
9.237117e-07, 0.016139
9.239118e-07, 0.018307
9.241118e-07, 0.016695
9.243118e-07, 0.016167
9.245118e-07, 0.016806
9.247118e-07, 0.017279
9.249117e-07, 0.015111
9.251117e-07, 0.014193
9.253118e-07, 0.013804
9.255118e-07, 0.015527
9.257118e-07, 0.015889
9.259118e-07, 0.016556
9.261118e-07, 0.017612
9.263117e-07, 0.017807
9.265117e-07, 0.018085
9.267118e-07, 0.018112
9.269118e-07, 0.017195
9.271118e-07, 0.017584
9.273118e-07, 0.018807
9.275118e-07, 0.020475
9.277117e-07, 0.022782
9.279117e-07, 0.023004
9.281118e-07, 0.023393
9.283118e-07, 0.024283
9.285118e-07, 0.025867
9.287118e-07, 0.025506
9.289118e-07, 0.026340
9.291117e-07, 0.027757
9.293117e-07, 0.027646
9.295118e-07, 0.028313
9.297118e-07, 0.029175
9.299118e-07, 0.031371
9.301118e-07, 0.030509
9.303118e-07, 0.029925
9.305118e-07, 0.031176
9.307118e-07, 0.030231
9.309118e-07, 0.028480
9.311117e-07, 0.028702
9.313117e-07, 0.027646
9.315117e-07, 0.028702
9.317117e-07, 0.029453
9.319117e-07, 0.030954
9.321117e-07, 0.030426
9.323118e-07, 0.030731
9.325118e-07, 0.029397
9.327118e-07, 0.027007
9.329118e-07, 0.025839
9.331118e-07, 0.026090
9.333118e-07, 0.026618
9.335118e-07, 0.027618
9.337118e-07, 0.028702
9.339117e-07, 0.027618
9.341117e-07, 0.027590
9.343117e-07, 0.026673
9.345117e-07, 0.027035
9.347117e-07, 0.026506
9.349117e-07, 0.025422
9.351118e-07, 0.026117
9.353118e-07, 0.024978
9.355118e-07, 0.023532
9.357118e-07, 0.024144
9.359118e-07, 0.026367
9.361118e-07, 0.027035
9.363118e-07, 0.027396
9.365118e-07, 0.025006
9.367117e-07, 0.022615
9.369117e-07, 0.018418
9.371117e-07, 0.016917
9.373117e-07, 0.017306
9.375117e-07, 0.017418
9.377117e-07, 0.020836
9.379118e-07, 0.024033
9.381118e-07, 0.028925
9.383118e-07, 0.032538
9.385118e-07, 0.028619
9.387118e-07, 0.024338
9.389118e-07, 0.023588
9.391118e-07, 0.021892
9.393118e-07, 0.020253
9.395118e-07, 0.019169
9.397117e-07, 0.018696
9.399117e-07, 0.020364
9.401117e-07, 0.021948
9.403117e-07, 0.022337
9.405117e-07, 0.022059
9.407118e-07, 0.020336
9.409118e-07, 0.018029
9.411118e-07, 0.018057
9.413118e-07, 0.017862
9.415118e-07, 0.016445
9.417118e-07, 0.018446
9.419118e-07, 0.021281
9.421118e-07, 0.020002
9.423118e-07, 0.020392
9.425117e-07, 0.018112
9.427117e-07, 0.017890
9.429117e-07, 0.015778
9.431117e-07, 0.016806
9.433117e-07, 0.017223
9.435118e-07, 0.017251
9.437118e-07, 0.016056
9.439118e-07, 0.016556
9.441118e-07, 0.016472
9.443118e-07, 0.017306
9.445118e-07, 0.016472
9.447118e-07, 0.014999
9.449118e-07, 0.013832
9.451118e-07, 0.013332
9.453117e-07, 0.012692
9.455117e-07, 0.012804
9.457117e-07, 0.013276
9.459117e-07, 0.014471
9.461117e-07, 0.014860
9.463118e-07, 0.015027
9.465118e-07, 0.013137
9.467118e-07, 0.013248
9.469118e-07, 0.010858
9.471118e-07, 0.010636
9.473118e-07, 0.010385
9.475118e-07, 0.009885
9.477118e-07, 0.010663
9.479118e-07, 0.010747
9.481117e-07, 0.011914
9.483117e-07, 0.013193
9.485117e-07, 0.010858
9.487117e-07, 0.009635
9.489117e-07, 0.007133
9.491118e-07, 0.006828
9.493118e-07, 0.007745
9.495118e-07, 0.007578
9.497118e-07, 0.007411
9.499118e-07, 0.006800
9.501118e-07, 0.006828
9.503118e-07, 0.007300
9.505118e-07, 0.007606
9.507118e-07, 0.008217
9.509117e-07, 0.006216
9.511117e-07, 0.003187
9.513117e-07, 0.003409
9.515117e-07, 0.006216
9.517117e-07, 0.009635
9.519118e-07, 0.011080
9.521118e-07, 0.009357
9.523118e-07, 0.009190
9.525118e-07, 0.007661
9.527118e-07, 0.004437
9.529118e-07, 0.004799
9.531118e-07, 0.010358
9.533118e-07, 0.012248
9.535118e-07, 0.013804
9.537117e-07, 0.015555
9.539117e-07, 0.017584
9.541117e-07, 0.018779
9.543117e-07, 0.017695
9.545117e-07, 0.017723
9.547117e-07, 0.019613
9.549118e-07, 0.017723
9.551118e-07, 0.016361
9.553118e-07, 0.016500
9.555118e-07, 0.016472
9.557118e-07, 0.017028
9.559118e-07, 0.017862
9.561118e-07, 0.018640
9.563118e-07, 0.018779
9.565117e-07, 0.019613
9.567117e-07, 0.019419
9.569117e-07, 0.016778
9.571117e-07, 0.018696
9.573117e-07, 0.021225
9.575117e-07, 0.020808
9.577118e-07, 0.023977
9.579118e-07, 0.025700
9.581118e-07, 0.026590
9.583118e-07, 0.026090
9.585118e-07, 0.024894
9.587118e-07, 0.027451
9.589118e-07, 0.028452
9.591118e-07, 0.028285
9.593117e-07, 0.029286
9.595117e-07, 0.029481
9.597117e-07, 0.030759
9.599117e-07, 0.032594
9.601117e-07, 0.032510
9.603117e-07, 0.032621
9.605118e-07, 0.032343
9.607118e-07, 0.031120
9.609118e-07, 0.029925
9.611118e-07, 0.029592
9.613118e-07, 0.028424
9.615118e-07, 0.028925
9.617118e-07, 0.030148
9.619118e-07, 0.030148
9.621117e-07, 0.029675
9.623117e-07, 0.030314
9.625117e-07, 0.028980
9.627117e-07, 0.027757
9.629117e-07, 0.026173
9.631117e-07, 0.025839
9.633118e-07, 0.026618
9.635118e-07, 0.025561
9.637118e-07, 0.027146
9.639118e-07, 0.027312
9.641118e-07, 0.026562
9.643118e-07, 0.026590
9.645118e-07, 0.026423
9.647118e-07, 0.026868
9.649117e-07, 0.024950
9.651117e-07, 0.024477
9.653117e-07, 0.023254
9.655117e-07, 0.022059
9.657117e-07, 0.023171
9.659117e-07, 0.025006
9.661118e-07, 0.025395
9.663118e-07, 0.024839
9.665118e-07, 0.024088
9.667118e-07, 0.023866
9.669118e-07, 0.017751
9.671118e-07, 0.014054
9.673118e-07, 0.014193
9.675118e-07, 0.017695
9.677118e-07, 0.020364
9.679117e-07, 0.022170
9.681117e-07, 0.026145
9.683117e-07, 0.030036
9.685117e-07, 0.027507
9.687117e-07, 0.023393
9.689118e-07, 0.023532
9.691118e-07, 0.022421
9.693118e-07, 0.020642
9.695118e-07, 0.018752
9.697118e-07, 0.018585
9.699118e-07, 0.021059
9.701118e-07, 0.022921
9.703118e-07, 0.022476
9.705118e-07, 0.022504
9.707117e-07, 0.021281
9.709117e-07, 0.018418
9.711117e-07, 0.018390
9.713117e-07, 0.019113
9.715117e-07, 0.017640
9.717118e-07, 0.017890
9.719118e-07, 0.019558
9.721118e-07, 0.020697
9.723118e-07, 0.020419
9.725118e-07, 0.018168
9.727118e-07, 0.015750
9.729118e-07, 0.014610
9.731118e-07, 0.015222
9.733118e-07, 0.016500
9.735117e-07, 0.016195
9.737117e-07, 0.015027
9.739117e-07, 0.015472
9.741117e-07, 0.017028
9.743117e-07, 0.017001
9.745118e-07, 0.015722
9.747118e-07, 0.014110
9.749118e-07, 0.013387
9.751118e-07, 0.013526
9.753118e-07, 0.013359
9.755118e-07, 0.013332
9.757118e-07, 0.012970
9.759118e-07, 0.012970
9.761118e-07, 0.012887
9.763117e-07, 0.014555
9.765117e-07, 0.013276
9.767117e-07, 0.011052
9.769117e-07, 0.010191
