-2.348825e-08, 0.021142
-2.328825e-08, 0.025089
-2.308825e-08, 0.028980
-2.288825e-08, 0.030092
-2.268825e-08, 0.026868
-2.248825e-08, 0.023032
-2.228825e-08, 0.023588
-2.208825e-08, 0.023560
-2.188825e-08, 0.021364
-2.168825e-08, 0.020475
-2.148825e-08, 0.020892
-2.128825e-08, 0.022782
-2.108825e-08, 0.023254
-2.088825e-08, 0.022976
-2.068825e-08, 0.023032
-2.048825e-08, 0.019975
-2.028825e-08, 0.017751
-2.008825e-08, 0.018668
-1.988825e-08, 0.016528
-1.968825e-08, 0.017918
-1.948825e-08, 0.020753
-1.928825e-08, 0.021003
-1.908825e-08, 0.020225
-1.888825e-08, 0.019947
-1.868825e-08, 0.018779
-1.848825e-08, 0.017001
-1.828825e-08, 0.016000
-1.808825e-08, 0.015972
-1.788825e-08, 0.017334
-1.768825e-08, 0.017584
-1.748825e-08, 0.017834
-1.728825e-08, 0.018279
-1.708825e-08, 0.018418
-1.688825e-08, 0.016778
-1.668825e-08, 0.015666
-1.648825e-08, 0.014638
-1.628825e-08, 0.014332
-1.608825e-08, 0.012748
-1.588825e-08, 0.013637
-1.568825e-08, 0.013582
-1.548825e-08, 0.014332
-1.528825e-08, 0.017028
-1.508825e-08, 0.017112
-1.488825e-08, 0.015055
-1.468825e-08, 0.014138
-1.448825e-08, 0.012665
-1.428825e-08, 0.011025
-1.408825e-08, 0.011303
-1.388825e-08, 0.010886
-1.368825e-08, 0.011247
-1.348825e-08, 0.010580
-1.328825e-08, 0.011108
-1.308825e-08, 0.010858
-1.288825e-08, 0.010135
-1.268825e-08, 0.009218
-1.248825e-08, 0.009357
-1.228825e-08, 0.008634
-1.208825e-08, 0.007606
-1.188825e-08, 0.008523
-1.168825e-08, 0.008857
-1.148825e-08, 0.008884
-1.128825e-08, 0.007328
-1.108825e-08, 0.006800
-1.088825e-08, 0.007717
-1.068825e-08, 0.008412
-1.048825e-08, 0.008162
-1.028825e-08, 0.005299
-1.008825e-08, 0.003576
-9.888250e-09, 0.003270
-9.688250e-09, 0.006383
-9.488250e-09, 0.009718
-9.288250e-09, 0.011886
-9.088250e-09, 0.011914
-8.888250e-09, 0.009802
-8.688250e-09, 0.008273
-8.488250e-09, 0.005994
-8.288250e-09, 0.008051
-8.088250e-09, 0.015361
-7.888250e-09, 0.017140
-7.688250e-09, 0.017751
-7.488250e-09, 0.019363
-7.288250e-09, 0.022254
-7.088250e-09, 0.022393
-6.888250e-09, 0.019335
-6.688250e-09, 0.019530
-6.488250e-09, 0.019030
-6.288250e-09, 0.018752
-6.088250e-09, 0.017973
-5.888250e-09, 0.018224
-5.688250e-09, 0.018335
-5.488250e-09, 0.020392
-5.288250e-09, 0.021559
-5.088250e-09, 0.023783
-4.888250e-09, 0.024199
-4.688250e-09, 0.022643
-4.488250e-09, 0.020836
-4.288250e-09, 0.019808
-4.088250e-09, 0.020614
-3.888250e-09, 0.023810
-3.688250e-09, 0.024561
-3.488250e-09, 0.023505
-3.288250e-09, 0.024311
-3.088250e-09, 0.026201
-2.888250e-09, 0.027952
-2.688250e-09, 0.031732
-2.488250e-09, 0.032038
-2.288250e-09, 0.030815
-2.088250e-09, 0.028786
-1.888250e-09, 0.028980
-1.688250e-09, 0.032705
-1.488250e-09, 0.034178
-1.288250e-09, 0.034039
-1.088250e-09, 0.032677
-8.882500e-10, 0.033316
-6.882500e-10, 0.035873
-4.882500e-10, 0.032927
-2.882500e-10, 0.028007
-8.825000e-11, 0.024700
1.117500e-10, 0.026673
3.117500e-10, 0.028674
5.117500e-10, 0.031676
7.117500e-10, 0.034650
9.117500e-10, 0.033010
1.111750e-09, 0.031204
1.311750e-09, 0.029481
1.511750e-09, 0.027618
1.711750e-09, 0.025895
1.911750e-09, 0.025895
2.111750e-09, 0.027090
2.311750e-09, 0.027924
2.511750e-09, 0.029758
2.711750e-09, 0.029981
2.911750e-09, 0.029036
3.111750e-09, 0.027868
3.311750e-09, 0.027090
3.511750e-09, 0.025700
3.711750e-09, 0.024644
3.911750e-09, 0.022309
4.111750e-09, 0.021364
4.311750e-09, 0.022532
4.511750e-09, 0.024033
4.711750e-09, 0.024477
4.911750e-09, 0.026228
5.111750e-09, 0.026562
5.311750e-09, 0.024867
5.511750e-09, 0.019085
5.711750e-09, 0.015138
5.911750e-09, 0.015250
6.111750e-09, 0.017167
6.311750e-09, 0.020419
6.511750e-09, 0.022504
6.711750e-09, 0.027007
6.911750e-09, 0.033233
7.111750e-09, 0.035595
7.311750e-09, 0.031065
7.511750e-09, 0.028674
7.711750e-09, 0.028841
7.911750e-09, 0.029342
8.111750e-09, 0.028869
8.311750e-09, 0.028841
8.511750e-09, 0.028369
8.711750e-09, 0.029703
8.911750e-09, 0.029897
9.111750e-09, 0.028647
9.311750e-09, 0.029175
9.511750e-09, 0.026896
9.711750e-09, 0.024589
9.911750e-09, 0.022504
1.011175e-08, 0.021615
1.031175e-08, 0.022115
1.051175e-08, 0.023088
1.071175e-08, 0.024505
1.091175e-08, 0.024783
1.111175e-08, 0.022226
1.131175e-08, 0.020920
1.151175e-08, 0.017862
1.171175e-08, 0.015333
1.191175e-08, 0.014694
1.211175e-08, 0.014888
1.231175e-08, 0.015027
1.251175e-08, 0.015611
1.271175e-08, 0.015694
1.291175e-08, 0.015611
1.311175e-08, 0.014833
1.331175e-08, 0.011720
1.351175e-08, 0.009996
1.371175e-08, 0.010080
1.391175e-08, 0.010969
1.411175e-08, 0.011442
1.431175e-08, 0.011275
1.451175e-08, 0.010246
1.471175e-08, 0.009440
1.491175e-08, 0.007995
1.511175e-08, 0.006327
1.531175e-08, 0.004910
1.551175e-08, 0.003159
1.571175e-08, 0.001852
1.591175e-08, 0.002436
1.611175e-08, 0.000963
1.631175e-08, 0.002158
1.651175e-08, 0.002353
1.671175e-08, 0.004660
1.691175e-08, 0.007606
1.711175e-08, 0.006605
1.731175e-08, 0.006605
1.751175e-08, 0.005299
1.771175e-08, 0.004743
1.791175e-08, 0.005132
1.811175e-08, 0.005744
1.831175e-08, 0.007439
1.851175e-08, 0.006661
1.871175e-08, 0.006244
1.891175e-08, 0.006605
1.911175e-08, 0.008273
1.931175e-08, 0.008384
1.951175e-08, 0.007384
1.971175e-08, 0.005799
1.991175e-08, 0.005216
2.011175e-08, 0.005216
2.031175e-08, 0.009023
2.051175e-08, 0.012553
2.071175e-08, 0.013220
2.091175e-08, 0.012887
2.111175e-08, 0.011025
2.131175e-08, 0.008884
2.151175e-08, 0.009023
2.171175e-08, 0.011636
2.191175e-08, 0.016778
2.211175e-08, 0.019335
2.231175e-08, 0.019530
2.251175e-08, 0.020586
2.271175e-08, 0.024616
2.291175e-08, 0.024450
2.311175e-08, 0.022560
2.331175e-08, 0.024700
2.351175e-08, 0.025645
2.371175e-08, 0.025006
2.391175e-08, 0.022560
2.411175e-08, 0.021809
2.431175e-08, 0.022004
2.451175e-08, 0.022838
2.471175e-08, 0.023755
2.491175e-08, 0.023115
2.511175e-08, 0.022282
2.531175e-08, 0.023199
2.551175e-08, 0.021781
2.571175e-08, 0.020753
2.591175e-08, 0.021337
2.611175e-08, 0.023171
2.631175e-08, 0.023532
2.651175e-08, 0.025339
2.671175e-08, 0.027396
2.691175e-08, 0.028841
2.711175e-08, 0.028563
2.731175e-08, 0.028619
2.751175e-08, 0.028480
2.771175e-08, 0.029175
2.791175e-08, 0.029064
2.811175e-08, 0.029091
2.831175e-08, 0.030231
2.851175e-08, 0.032010
2.871175e-08, 0.031287
2.891175e-08, 0.030509
2.911175e-08, 0.030787
2.931175e-08, 0.030926
2.951175e-08, 0.030870
2.971175e-08, 0.030287
2.991175e-08, 0.029814
3.011175e-08, 0.030009
3.031175e-08, 0.028786
3.051175e-08, 0.030148
3.071175e-08, 0.031398
3.091175e-08, 0.030287
3.111175e-08, 0.029731
3.131175e-08, 0.029897
3.151175e-08, 0.028508
3.171175e-08, 0.026284
3.191175e-08, 0.026312
3.211175e-08, 0.025673
3.231175e-08, 0.024839
3.251175e-08, 0.027035
3.271175e-08, 0.024116
3.291175e-08, 0.026312
3.311175e-08, 0.025589
3.331175e-08, 0.025895
3.351175e-08, 0.026729
3.371175e-08, 0.024060
3.391175e-08, 0.022170
3.411175e-08, 0.021364
3.431175e-08, 0.020058
3.451175e-08, 0.023366
3.471175e-08, 0.022448
3.491175e-08, 0.024450
3.511175e-08, 0.025812
3.531175e-08, 0.021892
3.551175e-08, 0.021420
3.571175e-08, 0.019169
3.591175e-08, 0.016584
3.611175e-08, 0.017306
3.631175e-08, 0.019502
3.651175e-08, 0.020614
3.671175e-08, 0.023477
3.691175e-08, 0.029619
3.711175e-08, 0.034317
3.731175e-08, 0.032038
3.751175e-08, 0.027980
3.771175e-08, 0.027118
3.791175e-08, 0.025256
3.811175e-08, 0.025283
3.831175e-08, 0.023282
3.851175e-08, 0.022921
3.871175e-08, 0.025006
3.891175e-08, 0.026506
3.911175e-08, 0.025978
3.931175e-08, 0.025006
3.951175e-08, 0.024978
3.971175e-08, 0.021837
3.991175e-08, 0.020475
4.011175e-08, 0.020058
4.031175e-08, 0.018390
4.051175e-08, 0.019447
4.071175e-08, 0.023060
4.091175e-08, 0.023838
4.111175e-08, 0.021031
4.131175e-08, 0.019419
4.151175e-08, 0.018140
4.171175e-08, 0.016667
4.191175e-08, 0.016695
4.211175e-08, 0.016028
4.231175e-08, 0.015027
4.251175e-08, 0.014582
4.271175e-08, 0.015416
4.291175e-08, 0.015722
4.311175e-08, 0.015583
4.331175e-08, 0.014193
4.351175e-08, 0.013193
4.371175e-08, 0.012859
4.391175e-08, 0.010969
4.411175e-08, 0.011080
4.431175e-08, 0.010024
4.451175e-08, 0.009857
4.471175e-08, 0.010663
4.491175e-08, 0.011775
4.511175e-08, 0.012025
4.531175e-08, 0.010775
4.551175e-08, 0.010163
4.571175e-08, 0.009913
4.591175e-08, 0.007745
4.611175e-08, 0.007384
4.631175e-08, 0.007578
4.651175e-08, 0.006716
4.671175e-08, 0.007106
4.691175e-08, 0.008857
4.711175e-08, 0.010135
4.731175e-08, 0.009579
4.751175e-08, 0.008884
4.771175e-08, 0.008245
4.791175e-08, 0.008023
4.811175e-08, 0.009802
4.831175e-08, 0.009968
4.851175e-08, 0.009051
4.871175e-08, 0.007884
4.891175e-08, 0.007245
4.911175e-08, 0.007550
4.931175e-08, 0.008106
4.951175e-08, 0.007606
4.971175e-08, 0.007856
4.991175e-08, 0.006133
5.011175e-08, 0.005410
5.031175e-08, 0.006772
5.051175e-08, 0.010886
5.071175e-08, 0.014360
5.091175e-08, 0.012553
5.111175e-08, 0.010691
5.131175e-08, 0.010358
5.151175e-08, 0.007856
5.171175e-08, 0.007356
5.191175e-08, 0.013693
5.211175e-08, 0.018168
5.231175e-08, 0.019308
5.251175e-08, 0.020308
5.271175e-08, 0.022587
5.291175e-08, 0.024728
5.311175e-08, 0.022615
5.331175e-08, 0.020475
5.351175e-08, 0.021476
5.371175e-08, 0.021253
5.391175e-08, 0.018585
5.411175e-08, 0.018918
5.431175e-08, 0.021253
5.451175e-08, 0.019919
5.471175e-08, 0.021281
5.491175e-08, 0.022921
5.511175e-08, 0.022782
5.531175e-08, 0.023671
5.551175e-08, 0.022532
5.571175e-08, 0.019780
5.591175e-08, 0.019613
5.611175e-08, 0.019613
5.631175e-08, 0.022949
5.651175e-08, 0.024533
5.671175e-08, 0.025478
5.691175e-08, 0.025311
5.711175e-08, 0.025395
5.731175e-08, 0.025978
5.751175e-08, 0.025617
5.771175e-08, 0.027702
5.791175e-08, 0.027257
5.811175e-08, 0.024505
5.831175e-08, 0.025867
5.851175e-08, 0.028563
5.871175e-08, 0.028619
5.891175e-08, 0.028980
5.911175e-08, 0.029536
5.931175e-08, 0.029953
5.951175e-08, 0.028813
5.971175e-08, 0.027424
5.991175e-08, 0.025756
6.011175e-08, 0.025089
6.031175e-08, 0.026173
6.051175e-08, 0.027312
6.071175e-08, 0.027646
6.091175e-08, 0.028674
6.111175e-08, 0.029036
6.131175e-08, 0.029425
6.151175e-08, 0.028869
6.171175e-08, 0.027257
6.191175e-08, 0.026618
6.211175e-08, 0.026701
6.231175e-08, 0.027062
6.251175e-08, 0.027451
6.271175e-08, 0.028674
6.291175e-08, 0.029286
6.311175e-08, 0.027729
6.331175e-08, 0.027257
6.351175e-08, 0.027674
6.371175e-08, 0.026034
6.391175e-08, 0.026757
6.411175e-08, 0.024311
6.431175e-08, 0.022309
6.451175e-08, 0.023616
6.471175e-08, 0.025061
6.491175e-08, 0.026534
6.511175e-08, 0.027312
6.531175e-08, 0.027785
6.551175e-08, 0.024755
6.571175e-08, 0.019724
6.591175e-08, 0.016667
6.611175e-08, 0.017112
6.631175e-08, 0.020364
6.651175e-08, 0.022393
6.671175e-08, 0.023949
6.691175e-08, 0.028647
6.711175e-08, 0.032510
6.731175e-08, 0.031787
6.751175e-08, 0.026896
6.771175e-08, 0.025339
6.791175e-08, 0.024950
6.811175e-08, 0.023588
6.831175e-08, 0.022143
6.851175e-08, 0.021392
6.871175e-08, 0.021892
6.891175e-08, 0.023588
6.911175e-08, 0.024450
6.931175e-08, 0.024394
6.951175e-08, 0.024561
6.971175e-08, 0.021337
6.991175e-08, 0.019363
7.011175e-08, 0.019363
7.031175e-08, 0.018696
7.051175e-08, 0.019057
7.071175e-08, 0.021170
7.091175e-08, 0.021781
7.111175e-08, 0.021059
7.131175e-08, 0.020114
7.151175e-08, 0.017584
7.171175e-08, 0.016139
7.191175e-08, 0.017001
7.211175e-08, 0.016806
7.231175e-08, 0.016611
7.251175e-08, 0.016834
7.271175e-08, 0.016445
7.291175e-08, 0.016917
7.311175e-08, 0.016556
7.331175e-08, 0.015972
7.351175e-08, 0.013610
7.371175e-08, 0.012053
7.391175e-08, 0.012526
7.411175e-08, 0.012331
7.431175e-08, 0.011970
7.451175e-08, 0.012609
7.471175e-08, 0.013693
7.491175e-08, 0.013248
7.511175e-08, 0.012943
7.531175e-08, 0.014694
7.551175e-08, 0.012665
7.571175e-08, 0.012303
7.591175e-08, 0.012109
7.611175e-08, 0.009635
7.631175e-08, 0.011775
7.651175e-08, 0.011608
7.671175e-08, 0.011970
7.691175e-08, 0.012526
7.711175e-08, 0.012053
7.731175e-08, 0.010107
7.751175e-08, 0.010358
7.771175e-08, 0.009829
7.791175e-08, 0.008412
7.811175e-08, 0.008301
7.831175e-08, 0.008523
7.851175e-08, 0.008996
7.871175e-08, 0.010024
7.891175e-08, 0.009051
7.911175e-08, 0.009135
7.931175e-08, 0.009941
7.951175e-08, 0.009885
7.971175e-08, 0.008217
7.991175e-08, 0.007439
8.011175e-08, 0.005632
8.031175e-08, 0.006272
8.051175e-08, 0.008996
8.071175e-08, 0.012804
8.091175e-08, 0.012831
8.111175e-08, 0.011414
8.131175e-08, 0.010246
8.151175e-08, 0.007828
8.171175e-08, 0.007189
8.191175e-08, 0.011247
8.211175e-08, 0.015333
8.231175e-08, 0.015444
8.251175e-08, 0.015444
8.271175e-08, 0.018918
8.291175e-08, 0.018918
8.311175e-08, 0.017501
8.331175e-08, 0.017584
8.351175e-08, 0.018335
8.371175e-08, 0.018363
8.391175e-08, 0.015639
8.411175e-08, 0.014166
8.431175e-08, 0.014555
8.451175e-08, 0.015361
8.471175e-08, 0.017167
8.491175e-08, 0.019586
8.511175e-08, 0.020141
8.531175e-08, 0.019697
8.551175e-08, 0.020114
8.571175e-08, 0.019613
8.591175e-08, 0.019113
8.611175e-08, 0.020531
8.631175e-08, 0.022198
8.651175e-08, 0.023143
8.671175e-08, 0.026951
8.691175e-08, 0.028535
8.711175e-08, 0.028952
8.731175e-08, 0.030231
8.751175e-08, 0.031926
8.771175e-08, 0.032816
8.791175e-08, 0.032621
8.811175e-08, 0.033539
8.831175e-08, 0.034511
8.851175e-08, 0.036290
8.871175e-08, 0.037430
8.891175e-08, 0.035901
8.911175e-08, 0.035512
8.931175e-08, 0.036568
8.951175e-08, 0.036679
8.971175e-08, 0.035818
8.991175e-08, 0.034734
9.011175e-08, 0.034789
9.031175e-08, 0.034372
9.051175e-08, 0.034567
9.071175e-08, 0.034789
9.091175e-08, 0.033983
9.111175e-08, 0.033427
9.131175e-08, 0.033594
9.151175e-08, 0.033511
9.171175e-08, 0.032510
9.191175e-08, 0.032399
9.211175e-08, 0.031148
9.231175e-08, 0.030036
9.251175e-08, 0.031426
9.271175e-08, 0.031259
9.291175e-08, 0.031204
9.311175e-08, 0.029342
9.331175e-08, 0.027896
9.351175e-08, 0.029314
9.371175e-08, 0.027896
9.391175e-08, 0.027729
9.411175e-08, 0.027257
9.431175e-08, 0.023227
9.451175e-08, 0.023060
9.471175e-08, 0.025006
9.491175e-08, 0.026479
9.511175e-08, 0.027785
9.531175e-08, 0.027035
9.551175e-08, 0.025756
9.571175e-08, 0.022115
9.591175e-08, 0.018613
9.611175e-08, 0.017362
9.631175e-08, 0.019169
9.651175e-08, 0.019891
9.671175e-08, 0.022615
9.691175e-08, 0.026534
9.711175e-08, 0.031454
9.731175e-08, 0.031426
9.751175e-08, 0.026284
9.771175e-08, 0.024366
9.791175e-08, 0.023338
9.811175e-08, 0.024005
9.831175e-08, 0.022893
9.851175e-08, 0.022448
9.871175e-08, 0.022004
9.891175e-08, 0.023838
9.911175e-08, 0.024839
9.931175e-08, 0.024978
9.951175e-08, 0.024533
9.971175e-08, 0.022504
9.991175e-08, 0.021198
1.001117e-07, 0.021309
1.003118e-07, 0.020558
1.005118e-07, 0.020169
1.007118e-07, 0.022365
1.009118e-07, 0.024783
1.011118e-07, 0.023338
1.013118e-07, 0.020781
1.015117e-07, 0.019502
1.017118e-07, 0.018613
1.019117e-07, 0.019169
1.021118e-07, 0.018863
1.023118e-07, 0.016806
1.025118e-07, 0.016973
1.027118e-07, 0.017946
1.029117e-07, 0.019169
1.031118e-07, 0.017584
1.033117e-07, 0.016167
1.035118e-07, 0.015861
1.037118e-07, 0.014027
1.039118e-07, 0.012943
1.041118e-07, 0.013137
1.043117e-07, 0.013026
1.045118e-07, 0.012109
1.047117e-07, 0.013193
1.049118e-07, 0.013054
1.051118e-07, 0.013860
1.053118e-07, 0.014944
1.055118e-07, 0.012498
1.057117e-07, 0.011191
1.059118e-07, 0.010080
1.061117e-07, 0.009579
1.063118e-07, 0.011358
1.065118e-07, 0.011136
1.067118e-07, 0.009440
1.069118e-07, 0.009162
1.071117e-07, 0.011720
1.073118e-07, 0.012053
1.075117e-07, 0.010080
1.077118e-07, 0.009190
1.079118e-07, 0.007745
1.081118e-07, 0.007384
1.083118e-07, 0.009941
1.085118e-07, 0.009107
1.087118e-07, 0.007467
1.089117e-07, 0.007912
1.091118e-07, 0.007217
1.093117e-07, 0.008273
1.095118e-07, 0.009135
1.097118e-07, 0.009746
1.099118e-07, 0.007161
1.101118e-07, 0.005021
1.103117e-07, 0.005271
1.105118e-07, 0.008078
1.107117e-07, 0.012804
1.109118e-07, 0.014443
1.111118e-07, 0.012692
1.113118e-07, 0.011136
1.115118e-07, 0.008773
1.117117e-07, 0.006077
1.119118e-07, 0.008968
1.121117e-07, 0.014860
1.123118e-07, 0.018390
1.125118e-07, 0.019030
1.127118e-07, 0.019947
1.129118e-07, 0.022560
1.131117e-07, 0.021670
1.133118e-07, 0.019836
1.135117e-07, 0.020642
1.137118e-07, 0.021948
1.139118e-07, 0.020503
1.141118e-07, 0.019613
1.143118e-07, 0.020670
1.145118e-07, 0.022671
1.147118e-07, 0.024867
1.149117e-07, 0.026479
1.151118e-07, 0.027035
1.153118e-07, 0.027702
1.155118e-07, 0.028813
1.157118e-07, 0.027007
1.159118e-07, 0.027646
1.161118e-07, 0.028869
1.163117e-07, 0.032177
1.165118e-07, 0.033955
1.167117e-07, 0.034678
1.169118e-07, 0.034511
1.171118e-07, 0.035039
1.173118e-07, 0.036624
1.175118e-07, 0.036818
1.177117e-07, 0.037041
1.179118e-07, 0.037346
1.181117e-07, 0.036457
1.183118e-07, 0.037374
1.185118e-07, 0.038653
1.187118e-07, 0.039209
1.189118e-07, 0.039987
1.191117e-07, 0.038736
1.193118e-07, 0.038097
1.195117e-07, 0.037736
1.197117e-07, 0.037430
1.199118e-07, 0.035929
1.201118e-07, 0.035651
1.203117e-07, 0.035234
1.205118e-07, 0.034484
1.207118e-07, 0.036096
1.209117e-07, 0.037263
1.211117e-07, 0.035151
1.213118e-07, 0.037096
1.215118e-07, 0.037597
1.217117e-07, 0.034317
1.219118e-07, 0.033372
1.221118e-07, 0.032983
1.223117e-07, 0.033817
1.225117e-07, 0.032927
1.227118e-07, 0.034150
1.229118e-07, 0.034567
1.231117e-07, 0.033594
1.233118e-07, 0.035540
1.235118e-07, 0.033928
1.237117e-07, 0.033789
1.239117e-07, 0.032705
1.241118e-07, 0.031510
1.243118e-07, 0.030120
1.245117e-07, 0.030009
1.247118e-07, 0.031732
1.249118e-07, 0.033455
1.251117e-07, 0.034400
1.253117e-07, 0.034372
1.255118e-07, 0.032288
1.257118e-07, 0.028952
1.259117e-07, 0.025422
1.261118e-07, 0.023560
1.263118e-07, 0.023171
1.265117e-07, 0.025951
1.267117e-07, 0.029703
1.269118e-07, 0.031593
1.271118e-07, 0.035345
1.273117e-07, 0.036791
1.275118e-07, 0.031871
1.277118e-07, 0.029119
1.279117e-07, 0.028397
1.281117e-07, 0.027507
1.283118e-07, 0.025673
1.285118e-07, 0.024422
1.287117e-07, 0.025506
1.289118e-07, 0.026562
1.291118e-07, 0.027340
1.293118e-07, 0.026701
1.295117e-07, 0.027952
1.297118e-07, 0.024616
1.299118e-07, 0.021809
1.301117e-07, 0.022393
1.303118e-07, 0.021559
1.305118e-07, 0.021309
1.307118e-07, 0.023671
1.309117e-07, 0.024227
1.311118e-07, 0.023810
1.313118e-07, 0.022921
1.315117e-07, 0.021781
1.317118e-07, 0.020225
1.319118e-07, 0.018835
1.321118e-07, 0.018085
1.323117e-07, 0.019030
1.325118e-07, 0.020392
1.327118e-07, 0.019141
1.329117e-07, 0.018529
1.331118e-07, 0.018585
1.333118e-07, 0.018835
1.335118e-07, 0.017890
1.337117e-07, 0.016584
1.339118e-07, 0.016306
1.341118e-07, 0.015555
1.343117e-07, 0.015194
1.345118e-07, 0.015250
1.347118e-07, 0.014805
1.349118e-07, 0.016528
1.351117e-07, 0.016862
1.353118e-07, 0.016723
1.355118e-07, 0.014777
1.357117e-07, 0.014193
1.359117e-07, 0.013498
1.361118e-07, 0.012470
1.363118e-07, 0.011775
1.365117e-07, 0.011303
1.367118e-07, 0.012692
1.369118e-07, 0.012831
1.371117e-07, 0.013721
1.373117e-07, 0.013721
1.375118e-07, 0.012970
1.377118e-07, 0.011136
1.379117e-07, 0.009718
1.381118e-07, 0.010163
1.383118e-07, 0.011164
1.385117e-07, 0.010775
1.387117e-07, 0.010163
1.389118e-07, 0.009218
1.391118e-07, 0.008968
1.393117e-07, 0.008968
1.395118e-07, 0.009663
1.397118e-07, 0.009635
1.399117e-07, 0.008912
1.401117e-07, 0.005827
1.403118e-07, 0.005827
1.405118e-07, 0.008051
1.407117e-07, 0.012387
1.409118e-07, 0.013943
1.411118e-07, 0.012081
1.413117e-07, 0.010802
1.415117e-07, 0.010913
1.417118e-07, 0.007550
1.419118e-07, 0.008884
1.421117e-07, 0.014944
1.423118e-07, 0.017807
1.425118e-07, 0.018696
1.427118e-07, 0.019419
1.429117e-07, 0.020725
1.431118e-07, 0.020808
1.433118e-07, 0.019057
1.435117e-07, 0.021170
1.437118e-07, 0.022643
1.439118e-07, 0.021031
1.441118e-07, 0.020169
1.443117e-07, 0.020503
1.445118e-07, 0.021225
1.447118e-07, 0.023477
1.449117e-07, 0.026367
1.451118e-07, 0.028897
1.453118e-07, 0.028285
1.455118e-07, 0.026562
1.457117e-07, 0.025923
1.459118e-07, 0.025200
1.461118e-07, 0.026006
1.463117e-07, 0.027479
1.465118e-07, 0.028869
1.467118e-07, 0.030370
1.469118e-07, 0.031176
1.471117e-07, 0.031926
1.473118e-07, 0.032649
1.475118e-07, 0.032733
1.477117e-07, 0.033761
1.479118e-07, 0.033955
1.481118e-07, 0.033261
1.483118e-07, 0.035484
1.485117e-07, 0.037402
1.487118e-07, 0.037485
1.489118e-07, 0.037958
1.491117e-07, 0.037124
1.493118e-07, 0.037374
1.495118e-07, 0.037624
1.497118e-07, 0.037430
1.499117e-07, 0.036401
1.501118e-07, 0.035873
1.503118e-07, 0.036040
1.505117e-07, 0.034984
1.507117e-07, 0.035317
1.509118e-07, 0.034428
1.511118e-07, 0.035151
1.513117e-07, 0.036513
1.515118e-07, 0.034039
1.517118e-07, 0.033038
1.519117e-07, 0.031982
1.521117e-07, 0.030342
1.523118e-07, 0.029731
1.525118e-07, 0.031287
1.527117e-07, 0.033066
1.529118e-07, 0.033372
1.531118e-07, 0.031732
1.533117e-07, 0.031676
1.535117e-07, 0.029675
1.537118e-07, 0.028786
1.539118e-07, 0.028341
1.541117e-07, 0.028202
1.543118e-07, 0.027035
1.545118e-07, 0.025673
1.547117e-07, 0.026173
1.549117e-07, 0.027146
1.551118e-07, 0.028980
1.553118e-07, 0.030009
1.555117e-07, 0.027924
1.557118e-07, 0.024700
1.559118e-07, 0.019085
1.561117e-07, 0.017473
1.563117e-07, 0.019113
1.565118e-07, 0.020447
1.567118e-07, 0.023727
1.569117e-07, 0.025951
1.571118e-07, 0.031037
1.573118e-07, 0.034345
1.575118e-07, 0.030565
1.577117e-07, 0.026312
1.579118e-07, 0.025339
1.581118e-07, 0.025172
1.583117e-07, 0.022976
1.585118e-07, 0.021086
1.587118e-07, 0.022393
1.589118e-07, 0.024505
1.591117e-07, 0.025117
1.593118e-07, 0.024644
1.595118e-07, 0.024005
1.597117e-07, 0.022143
1.599118e-07, 0.020169
1.601118e-07, 0.020002
1.603118e-07, 0.020086
1.605117e-07, 0.019502
1.607118e-07, 0.021225
1.609118e-07, 0.024533
1.611117e-07, 0.023505
1.613118e-07, 0.023588
1.615118e-07, 0.021086
1.617118e-07, 0.019196
1.619117e-07, 0.018752
1.621118e-07, 0.017918
1.623118e-07, 0.019113
1.625117e-07, 0.019169
1.627118e-07, 0.019447
1.629118e-07, 0.019641
1.631118e-07, 0.018779
1.633117e-07, 0.018613
1.635118e-07, 0.016917
1.637118e-07, 0.016278
1.639117e-07, 0.016195
1.641118e-07, 0.015361
1.643118e-07, 0.014277
1.645118e-07, 0.013582
1.647117e-07, 0.015361
1.649118e-07, 0.016750
1.651118e-07, 0.017167
1.653117e-07, 0.016667
1.655117e-07, 0.015083
1.657118e-07, 0.013276
1.659118e-07, 0.011859
1.661117e-07, 0.011581
1.663118e-07, 0.010747
1.665118e-07, 0.010135
1.667117e-07, 0.010719
1.669117e-07, 0.012387
1.671118e-07, 0.011997
1.673118e-07, 0.011803
1.675117e-07, 0.010719
1.677118e-07, 0.009190
1.679118e-07, 0.008440
1.681117e-07, 0.007939
1.683117e-07, 0.008968
1.685118e-07, 0.008857
1.687118e-07, 0.009274
1.689117e-07, 0.008523
1.691118e-07, 0.008051
1.693118e-07, 0.008245
1.695117e-07, 0.008440
1.697117e-07, 0.009996
1.699118e-07, 0.008912
1.701118e-07, 0.005188
1.703117e-07, 0.004576
1.705118e-07, 0.007606
1.707118e-07, 0.010636
1.709118e-07, 0.011970
1.711117e-07, 0.011108
1.713118e-07, 0.010552
1.715118e-07, 0.009579
1.717117e-07, 0.006216
1.719118e-07, 0.006105
1.721118e-07, 0.011914
1.723118e-07, 0.016306
1.725117e-07, 0.017418
1.727118e-07, 0.018640
1.729118e-07, 0.020503
1.731117e-07, 0.021837
1.733118e-07, 0.018502
1.735118e-07, 0.018724
1.737118e-07, 0.021615
1.739117e-07, 0.019586
1.741118e-07, 0.017334
1.743118e-07, 0.018307
1.745117e-07, 0.018640
1.747118e-07, 0.019169
1.749118e-07, 0.020419
1.751118e-07, 0.019613
1.753117e-07, 0.021865
1.755118e-07, 0.022226
1.757118e-07, 0.021281
1.759117e-07, 0.019947
1.761118e-07, 0.020141
1.763118e-07, 0.021225
1.765118e-07, 0.022198
1.767117e-07, 0.023560
1.769118e-07, 0.025756
1.771118e-07, 0.025978
1.773117e-07, 0.025617
1.775118e-07, 0.026673
1.777118e-07, 0.028897
1.779118e-07, 0.029842
1.781117e-07, 0.028980
1.783118e-07, 0.028786
1.785118e-07, 0.029314
1.787117e-07, 0.031148
1.789118e-07, 0.031259
1.791118e-07, 0.030537
1.793118e-07, 0.029147
1.795117e-07, 0.029314
1.797118e-07, 0.028647
1.799118e-07, 0.027896
1.801117e-07, 0.028980
1.803117e-07, 0.029286
1.805118e-07, 0.028869
1.807118e-07, 0.028313
1.809117e-07, 0.029842
1.811118e-07, 0.030009
1.813118e-07, 0.029369
1.815117e-07, 0.029675
1.817117e-07, 0.028591
1.819118e-07, 0.026645
1.821118e-07, 0.026201
1.823117e-07, 0.025200
1.825118e-07, 0.026534
1.827118e-07, 0.028063
1.829117e-07, 0.027340
1.831117e-07, 0.026367
1.833118e-07, 0.026117
1.835118e-07, 0.026951
1.837117e-07, 0.026618
1.839118e-07, 0.024422
1.841118e-07, 0.024338
1.843117e-07, 0.022532
1.845117e-07, 0.021142
1.847118e-07, 0.023004
1.849118e-07, 0.025033
1.851117e-07, 0.026201
1.853118e-07, 0.027285
1.855118e-07, 0.025144
1.857118e-07, 0.022699
1.859117e-07, 0.018863
1.861118e-07, 0.016584
1.863118e-07, 0.017112
1.865117e-07, 0.018363
1.867118e-07, 0.021198
1.869118e-07, 0.024088
1.871118e-07, 0.025895
1.873117e-07, 0.032149
1.875118e-07, 0.030036
1.877118e-07, 0.025506
1.879117e-07, 0.023699
1.881118e-07, 0.022337
1.883118e-07, 0.021920
1.885118e-07, 0.020336
1.887117e-07, 0.020447
1.889118e-07, 0.022921
1.891118e-07, 0.023338
1.893117e-07, 0.021920
1.895118e-07, 0.022254
1.897118e-07, 0.021865
1.899118e-07, 0.017918
1.901117e-07, 0.017418
1.903118e-07, 0.018446
1.905118e-07, 0.018335
1.907117e-07, 0.019308
1.909118e-07, 0.020002
1.911118e-07, 0.021031
1.913118e-07, 0.021559
1.915117e-07, 0.019335
1.917118e-07, 0.016334
1.919118e-07, 0.015555
1.921117e-07, 0.016667
1.923118e-07, 0.016472
1.925118e-07, 0.016056
1.927118e-07, 0.015917
1.929117e-07, 0.015861
1.931118e-07, 0.016584
1.933118e-07, 0.017640
1.935117e-07, 0.017640
1.937118e-07, 0.016834
1.939118e-07, 0.015083
1.941118e-07, 0.014555
1.943117e-07, 0.013637
1.945118e-07, 0.014027
1.947118e-07, 0.014304
1.949117e-07, 0.015277
1.951118e-07, 0.015222
1.953118e-07, 0.014388
1.955118e-07, 0.013554
1.957117e-07, 0.012720
1.959118e-07, 0.011664
1.961118e-07, 0.009274
1.963117e-07, 0.010858
1.965117e-07, 0.010469
1.967118e-07, 0.010636
1.969118e-07, 0.011358
1.971117e-07, 0.011358
1.973118e-07, 0.011025
1.975118e-07, 0.011136
1.977117e-07, 0.010747
1.979117e-07, 0.008440
1.981118e-07, 0.007495
1.983118e-07, 0.007661
1.985117e-07, 0.007828
1.987118e-07, 0.008051
1.989118e-07, 0.006967
1.991118e-07, 0.006049
1.993117e-07, 0.007523
1.995118e-07, 0.007467
1.997118e-07, 0.006577
1.999117e-07, 0.005716
2.001118e-07, 0.003409
2.003118e-07, 0.003687
2.005118e-07, 0.004660
2.007117e-07, 0.008356
2.009118e-07, 0.010941
2.011118e-07, 0.010469
2.013117e-07, 0.008829
2.015118e-07, 0.008801
2.017118e-07, 0.006577
2.019118e-07, 0.004965
2.021117e-07, 0.009802
2.023118e-07, 0.013359
2.025118e-07, 0.014249
2.027117e-07, 0.015333
2.029118e-07, 0.017890
2.031118e-07, 0.018724
2.033118e-07, 0.016306
2.035117e-07, 0.016056
2.037118e-07, 0.017779
2.039118e-07, 0.017001
2.041117e-07, 0.016056
2.043118e-07, 0.015555
2.045118e-07, 0.017918
2.047118e-07, 0.017306
2.049117e-07, 0.017751
2.051118e-07, 0.019308
2.053118e-07, 0.019669
2.055117e-07, 0.019641
2.057118e-07, 0.019474
2.059118e-07, 0.017556
2.061118e-07, 0.017640
2.063117e-07, 0.018613
2.065118e-07, 0.020725
2.067118e-07, 0.022087
2.069117e-07, 0.023477
2.071118e-07, 0.023755
2.073118e-07, 0.024728
2.075118e-07, 0.026117
2.077117e-07, 0.025673
2.079118e-07, 0.026562
2.081118e-07, 0.026784
2.083117e-07, 0.027896
2.085118e-07, 0.028119
2.087118e-07, 0.029786
2.089118e-07, 0.030398
2.091117e-07, 0.030314
2.093118e-07, 0.031510
2.095118e-07, 0.029786
2.097117e-07, 0.028952
2.099118e-07, 0.028813
2.101118e-07, 0.028341
2.103118e-07, 0.028897
2.105117e-07, 0.027868
2.107118e-07, 0.028063
2.109118e-07, 0.029981
2.111117e-07, 0.029814
2.113117e-07, 0.028674
2.115118e-07, 0.028813
2.117118e-07, 0.028313
2.119117e-07, 0.027007
2.121118e-07, 0.026840
2.123118e-07, 0.027563
2.125117e-07, 0.026395
2.127117e-07, 0.027424
2.129118e-07, 0.029147
2.131118e-07, 0.028091
2.133117e-07, 0.027646
2.135118e-07, 0.027813
2.137118e-07, 0.025700
2.139118e-07, 0.025812
2.141117e-07, 0.026062
2.143118e-07, 0.023199
2.145118e-07, 0.021726
2.147117e-07, 0.023560
2.149118e-07, 0.025756
2.151118e-07, 0.025923
2.153117e-07, 0.028091
2.155117e-07, 0.027090
2.157118e-07, 0.023143
2.159117e-07, 0.019947
2.161117e-07, 0.016528
2.163118e-07, 0.016750
2.165118e-07, 0.019752
2.167117e-07, 0.020864
2.169117e-07, 0.022560
2.171118e-07, 0.028063
2.173117e-07, 0.033149
2.175117e-07, 0.030954
2.177118e-07, 0.026395
2.179118e-07, 0.025673
2.181117e-07, 0.023060
2.183117e-07, 0.021364
2.185118e-07, 0.021615
2.187117e-07, 0.020753
2.189117e-07, 0.021198
2.191118e-07, 0.022643
2.193118e-07, 0.021253
2.195117e-07, 0.021225
2.197117e-07, 0.023338
2.199118e-07, 0.020447
2.201117e-07, 0.018807
2.203117e-07, 0.018724
2.205118e-07, 0.017640
2.207118e-07, 0.018974
2.209117e-07, 0.020864
2.211117e-07, 0.022004
2.213118e-07, 0.020725
2.215117e-07, 0.018668
2.217117e-07, 0.017140
2.219118e-07, 0.015833
2.221118e-07, 0.015555
2.223117e-07, 0.016528
2.225117e-07, 0.015750
2.227118e-07, 0.016889
2.229117e-07, 0.016417
2.231117e-07, 0.017556
2.233118e-07, 0.016945
2.235118e-07, 0.015611
2.237117e-07, 0.014777
2.239117e-07, 0.014749
2.241118e-07, 0.015250
2.243118e-07, 0.013860
2.245117e-07, 0.013415
2.247118e-07, 0.013943
2.249118e-07, 0.013943
2.251117e-07, 0.015138
2.253117e-07, 0.016195
2.255118e-07, 0.014499
2.257118e-07, 0.013749
2.259117e-07, 0.011803
2.261117e-07, 0.011219
2.263118e-07, 0.010830
2.265117e-07, 0.010052
2.267117e-07, 0.009274
2.269118e-07, 0.009496
2.271118e-07, 0.010163
2.273117e-07, 0.011497
2.275117e-07, 0.010719
2.277118e-07, 0.010302
2.279117e-07, 0.009190
2.281117e-07, 0.008495
2.283118e-07, 0.008023
2.285118e-07, 0.008468
2.287117e-07, 0.008579
2.289117e-07, 0.008551
2.291118e-07, 0.007495
2.293117e-07, 0.007634
2.295117e-07, 0.008273
2.297118e-07, 0.008217
2.299118e-07, 0.007689
2.301117e-07, 0.006772
2.303117e-07, 0.004298
2.305118e-07, 0.003242
2.307117e-07, 0.007217
2.309117e-07, 0.009968
2.311118e-07, 0.009635
2.313118e-07, 0.009691
2.315117e-07, 0.009218
2.317117e-07, 0.007133
2.319118e-07, 0.005910
2.321117e-07, 0.008690
2.323117e-07, 0.013276
2.325118e-07, 0.014805
2.327118e-07, 0.014972
2.329117e-07, 0.016611
2.331117e-07, 0.019224
2.333118e-07, 0.018502
2.335117e-07, 0.016500
2.337117e-07, 0.019447
2.339118e-07, 0.017890
2.341118e-07, 0.016278
2.343117e-07, 0.014916
2.345117e-07, 0.015694
2.347118e-07, 0.016445
2.349117e-07, 0.017834
2.351117e-07, 0.018835
2.353118e-07, 0.018752
2.355118e-07, 0.019808
2.357117e-07, 0.019447
2.359117e-07, 0.018279
2.361118e-07, 0.018085
2.363117e-07, 0.020280
2.365117e-07, 0.020086
2.367118e-07, 0.022309
2.369118e-07, 0.024255
2.371117e-07, 0.025895
2.373117e-07, 0.026506
2.375118e-07, 0.027285
2.377117e-07, 0.028619
2.379117e-07, 0.027451
2.381118e-07, 0.028007
2.383118e-07, 0.029314
2.385117e-07, 0.029425
2.387117e-07, 0.031343
2.389118e-07, 0.031510
2.391118e-07, 0.031065
2.393117e-07, 0.032149
2.395118e-07, 0.032399
2.397118e-07, 0.031621
2.399117e-07, 0.030287
2.401117e-07, 0.028758
2.403118e-07, 0.028730
2.405118e-07, 0.028091
2.407117e-07, 0.028841
2.409117e-07, 0.030259
2.411118e-07, 0.030731
2.413117e-07, 0.031426
2.415117e-07, 0.031565
2.417118e-07, 0.031398
2.419118e-07, 0.029453
2.421117e-07, 0.027729
2.423117e-07, 0.027618
2.425118e-07, 0.027035
2.427117e-07, 0.028452
2.429117e-07, 0.027980
2.431118e-07, 0.027146
2.433118e-07, 0.026951
2.435117e-07, 0.026673
2.437117e-07, 0.026117
2.439118e-07, 0.025700
2.441117e-07, 0.024783
2.443117e-07, 0.022365
2.445118e-07, 0.020670
2.447118e-07, 0.023338
2.449117e-07, 0.024255
2.451117e-07, 0.025506
2.453118e-07, 0.025867
2.455117e-07, 0.025006
2.457117e-07, 0.023477
2.459118e-07, 0.020114
2.461118e-07, 0.015972
2.463117e-07, 0.015972
2.465117e-07, 0.016639
2.467118e-07, 0.018779
2.469117e-07, 0.021059
2.471117e-07, 0.024366
2.473118e-07, 0.031037
2.475118e-07, 0.030703
2.477117e-07, 0.024811
2.479117e-07, 0.024311
2.481118e-07, 0.022337
2.483117e-07, 0.022226
2.485117e-07, 0.020975
2.487118e-07, 0.019724
2.489118e-07, 0.020836
2.491117e-07, 0.023338
2.493117e-07, 0.023393
2.495118e-07, 0.023282
2.497117e-07, 0.022949
2.499117e-07, 0.020697
2.501118e-07, 0.017834
2.503118e-07, 0.017973
2.505117e-07, 0.017056
2.507117e-07, 0.017112
2.509118e-07, 0.019113
2.511117e-07, 0.020670
2.513117e-07, 0.020531
2.515118e-07, 0.019002
2.517118e-07, 0.017362
2.519117e-07, 0.016250
2.521117e-07, 0.016889
2.523118e-07, 0.016917
2.525118e-07, 0.016195
2.527117e-07, 0.015944
2.529118e-07, 0.016278
2.531118e-07, 0.017306
2.533117e-07, 0.018613
2.535117e-07, 0.017640
2.537118e-07, 0.016750
2.539118e-07, 0.015416
2.541117e-07, 0.013999
2.543118e-07, 0.014360
2.545118e-07, 0.013582
2.547117e-07, 0.014054
2.549117e-07, 0.014388
2.551118e-07, 0.013860
2.553118e-07, 0.014721
2.555117e-07, 0.014221
2.557118e-07, 0.011970
2.559118e-07, 0.010302
2.561117e-07, 0.009996
2.563117e-07, 0.009579
2.565118e-07, 0.008607
2.567118e-07, 0.008968
2.569117e-07, 0.008690
2.571117e-07, 0.009691
2.573118e-07, 0.011330
2.575117e-07, 0.011108
2.577117e-07, 0.010024
2.579118e-07, 0.008440
2.581118e-07, 0.006411
2.583117e-07, 0.006744
2.585117e-07, 0.008662
2.587118e-07, 0.009301
2.589117e-07, 0.008662
2.591117e-07, 0.007272
2.593118e-07, 0.007217
2.595118e-07, 0.007078
2.597117e-07, 0.007328
2.599117e-07, 0.007161
2.601118e-07, 0.004326
2.603117e-07, 0.001936
2.605117e-07, 0.003492
2.607118e-07, 0.008662
2.609118e-07, 0.010469
2.611117e-07, 0.011025
2.613117e-07, 0.009135
2.615118e-07, 0.008412
2.617117e-07, 0.007995
2.619117e-07, 0.005132
2.621118e-07, 0.009746
2.623118e-07, 0.013248
2.625117e-07, 0.015416
2.627117e-07, 0.016306
2.629118e-07, 0.017807
2.631117e-07, 0.018585
2.633117e-07, 0.018779
2.635118e-07, 0.016806
2.637118e-07, 0.018279
2.639117e-07, 0.018001
2.641117e-07, 0.015361
2.643118e-07, 0.014805
2.645117e-07, 0.016222
2.647117e-07, 0.017334
2.649118e-07, 0.018196
2.651118e-07, 0.018918
2.653117e-07, 0.019252
2.655117e-07, 0.019808
2.657118e-07, 0.020141
2.659117e-07, 0.018529
2.661117e-07, 0.018640
2.663118e-07, 0.019808
2.665118e-07, 0.020030
2.667117e-07, 0.022865
2.669117e-07, 0.024978
2.671118e-07, 0.024755
2.673118e-07, 0.025812
2.675117e-07, 0.026117
2.677118e-07, 0.027201
2.679118e-07, 0.027729
2.681117e-07, 0.027479
2.683117e-07, 0.028452
2.685118e-07, 0.030036
2.687118e-07, 0.029453
2.689117e-07, 0.030676
2.691118e-07, 0.030870
2.693118e-07, 0.030620
2.695117e-07, 0.030287
2.697117e-07, 0.030398
2.699118e-07, 0.029508
2.701118e-07, 0.029481
2.703117e-07, 0.029703
2.705118e-07, 0.027896
2.707118e-07, 0.027868
2.709117e-07, 0.029397
2.711117e-07, 0.030703
2.713118e-07, 0.030120
2.715118e-07, 0.029314
2.717117e-07, 0.028035
2.719117e-07, 0.026367
2.721118e-07, 0.026256
2.723117e-07, 0.026201
2.725117e-07, 0.026923
2.727118e-07, 0.028091
2.729118e-07, 0.028202
2.731117e-07, 0.027646
2.733117e-07, 0.028702
2.735118e-07, 0.028285
2.737117e-07, 0.027479
2.739117e-07, 0.027479
2.741118e-07, 0.025144
2.743118e-07, 0.024394
2.745117e-07, 0.023449
2.747117e-07, 0.024644
2.749118e-07, 0.025561
2.751117e-07, 0.026340
2.753117e-07, 0.027424
2.755118e-07, 0.026840
2.757118e-07, 0.025756
2.759117e-07, 0.021503
2.761117e-07, 0.017501
2.763118e-07, 0.016500
2.765117e-07, 0.016250
2.767117e-07, 0.019252
2.769118e-07, 0.022198
2.771118e-07, 0.024894
2.773117e-07, 0.029786
2.775117e-07, 0.031676
2.777118e-07, 0.026034
2.779117e-07, 0.022476
2.781117e-07, 0.023616
2.783118e-07, 0.022254
2.785118e-07, 0.020864
2.787117e-07, 0.019697
2.789117e-07, 0.019780
2.791118e-07, 0.021670
2.793117e-07, 0.021642
2.795117e-07, 0.021754
2.797118e-07, 0.022031
2.799118e-07, 0.020086
2.801117e-07, 0.017890
2.803117e-07, 0.018446
2.805118e-07, 0.018918
2.807118e-07, 0.018835
2.809117e-07, 0.021198
2.811118e-07, 0.022115
2.813118e-07, 0.021086
2.815117e-07, 0.021142
2.817117e-07, 0.017973
2.819118e-07, 0.016778
2.821118e-07, 0.017251
2.823117e-07, 0.016389
2.825118e-07, 0.017862
2.827118e-07, 0.017001
2.829117e-07, 0.015833
2.831117e-07, 0.016056
2.833118e-07, 0.016778
2.835118e-07, 0.016083
2.837117e-07, 0.016334
2.839118e-07, 0.015166
2.841118e-07, 0.014277
2.843117e-07, 0.014944
2.845117e-07, 0.013860
2.847118e-07, 0.013637
2.849118e-07, 0.013415
2.851117e-07, 0.014416
2.853118e-07, 0.014221
2.855118e-07, 0.013943
2.857117e-07, 0.013081
2.859117e-07, 0.011997
2.861118e-07, 0.010747
2.863118e-07, 0.009579
2.865117e-07, 0.009607
2.867117e-07, 0.010107
2.869118e-07, 0.009524
2.871117e-07, 0.009968
2.873117e-07, 0.011442
2.875118e-07, 0.011080
2.877118e-07, 0.009968
2.879117e-07, 0.009579
2.881117e-07, 0.008523
2.883118e-07, 0.007912
2.885117e-07, 0.008051
2.887117e-07, 0.008523
2.889118e-07, 0.007411
2.891118e-07, 0.007189
2.893117e-07, 0.007272
2.895117e-07, 0.007800
2.897118e-07, 0.007578
2.899117e-07, 0.007161
2.901117e-07, 0.005049
2.903118e-07, 0.002797
2.905118e-07, 0.003048
2.907117e-07, 0.006300
2.909117e-07, 0.009246
2.911118e-07, 0.010219
2.913117e-07, 0.009385
2.915117e-07, 0.008273
2.917118e-07, 0.007745
2.919118e-07, 0.004938
2.921117e-07, 0.005466
2.923117e-07, 0.010385
2.925118e-07, 0.012220
2.927117e-07, 0.014499
2.929117e-07, 0.015472
2.931118e-07, 0.018140
2.933118e-07, 0.018057
2.935117e-07, 0.016250
2.937117e-07, 0.017334
2.939118e-07, 0.017418
2.941117e-07, 0.016139
2.943117e-07, 0.014332
2.945118e-07, 0.015222
2.947118e-07, 0.017084
2.949117e-07, 0.016778
2.951117e-07, 0.017890
2.953118e-07, 0.019335
2.955118e-07, 0.018585
2.957117e-07, 0.019252
2.959118e-07, 0.018585
2.961118e-07, 0.018946
2.963117e-07, 0.019363
2.965117e-07, 0.019474
2.967118e-07, 0.021587
2.969118e-07, 0.023227
2.971117e-07, 0.023449
2.973118e-07, 0.025228
2.975118e-07, 0.026590
2.977117e-07, 0.026228
2.979117e-07, 0.026534
2.981118e-07, 0.026645
2.983118e-07, 0.027451
2.985117e-07, 0.028841
2.987118e-07, 0.029258
2.989118e-07, 0.030342
2.991117e-07, 0.030731
2.993117e-07, 0.030231
2.995118e-07, 0.030009
2.997118e-07, 0.030287
2.999117e-07, 0.030175
3.001118e-07, 0.028258
3.003118e-07, 0.027952
3.005117e-07, 0.028424
3.007117e-07, 0.029175
3.009118e-07, 0.030009
3.011118e-07, 0.029481
3.013117e-07, 0.028119
3.015117e-07, 0.028480
3.017118e-07, 0.028869
3.019117e-07, 0.027535
3.021117e-07, 0.027118
3.023118e-07, 0.025728
3.025118e-07, 0.025784
3.027117e-07, 0.026312
3.029117e-07, 0.027952
3.031118e-07, 0.027980
3.033117e-07, 0.028258
3.035117e-07, 0.027368
3.037118e-07, 0.027285
3.039118e-07, 0.026006
3.041117e-07, 0.024950
3.043117e-07, 0.024005
3.045118e-07, 0.022421
3.047117e-07, 0.023282
3.049117e-07, 0.023810
3.051118e-07, 0.025534
3.053118e-07, 0.028091
3.055117e-07, 0.027285
3.057117e-07, 0.025534
3.059118e-07, 0.022393
3.061117e-07, 0.017445
3.063117e-07, 0.015972
3.065118e-07, 0.016889
3.067118e-07, 0.018085
3.069117e-07, 0.020920
3.071117e-07, 0.022921
3.073118e-07, 0.028758
3.075117e-07, 0.031787
3.077117e-07, 0.027590
3.079118e-07, 0.022810
3.081118e-07, 0.022782
3.083117e-07, 0.021476
3.085117e-07, 0.021003
3.087118e-07, 0.019669
3.089118e-07, 0.018502
3.091117e-07, 0.020392
3.093118e-07, 0.021198
3.095118e-07, 0.021198
3.097117e-07, 0.021837
3.099117e-07, 0.020419
3.101118e-07, 0.017306
3.103118e-07, 0.016611
3.105117e-07, 0.016778
3.107118e-07, 0.015361
3.109118e-07, 0.017807
3.111117e-07, 0.019613
3.113117e-07, 0.019474
3.115118e-07, 0.019613
3.117118e-07, 0.017695
3.119117e-07, 0.015416
3.121118e-07, 0.015472
3.123118e-07, 0.018029
3.125117e-07, 0.018085
3.127117e-07, 0.017584
3.129118e-07, 0.016695
3.131118e-07, 0.016695
3.133117e-07, 0.017223
3.135118e-07, 0.016195
3.137118e-07, 0.016028
3.139117e-07, 0.014666
3.141117e-07, 0.015166
3.143118e-07, 0.014443
3.145118e-07, 0.013888
3.147117e-07, 0.014193
3.149118e-07, 0.014916
3.151118e-07, 0.014833
3.153117e-07, 0.015361
3.155117e-07, 0.014638
3.157118e-07, 0.013749
3.159118e-07, 0.012470
3.161117e-07, 0.011052
3.163118e-07, 0.011330
3.165118e-07, 0.010302
3.167117e-07, 0.010886
3.169117e-07, 0.010636
3.171118e-07, 0.011553
3.173118e-07, 0.011330
3.175117e-07, 0.012915
3.177117e-07, 0.010858
3.179118e-07, 0.008301
3.181117e-07, 0.007856
3.183117e-07, 0.007967
3.185118e-07, 0.007939
3.187118e-07, 0.008607
3.189117e-07, 0.007328
3.191117e-07, 0.006605
3.193118e-07, 0.006633
3.195117e-07, 0.005160
3.197117e-07, 0.006105
3.199118e-07, 0.007106
3.201118e-07, 0.005938
3.203117e-07, 0.002519
3.205117e-07, 0.002269
3.207118e-07, 0.006383
3.209117e-07, 0.010358
3.211117e-07, 0.011497
3.213118e-07, 0.010608
3.215118e-07, 0.007773
3.217117e-07, 0.006188
3.219117e-07, 0.003659
3.221118e-07, 0.004743
3.223117e-07, 0.009552
3.225117e-07, 0.012387
3.227118e-07, 0.014082
3.229118e-07, 0.016278
3.231117e-07, 0.017028
3.233117e-07, 0.017362
3.235118e-07, 0.016834
3.237118e-07, 0.018279
3.239117e-07, 0.018335
3.241118e-07, 0.016584
3.243118e-07, 0.016139
3.245117e-07, 0.015555
3.247117e-07, 0.017362
3.249118e-07, 0.018057
3.251118e-07, 0.020697
3.253117e-07, 0.021476
3.255118e-07, 0.022643
3.257118e-07, 0.024644
3.259117e-07, 0.024505
3.261117e-07, 0.023199
3.263118e-07, 0.024338
3.265118e-07, 0.025534
3.267117e-07, 0.028035
3.269118e-07, 0.029897
3.271118e-07, 0.031009
3.273117e-07, 0.030703
3.275117e-07, 0.030148
3.277118e-07, 0.031204
3.279118e-07, 0.031343
3.281117e-07, 0.032649
3.283118e-07, 0.031649
3.285118e-07, 0.031676
3.287117e-07, 0.033483
3.289117e-07, 0.034873
3.291118e-07, 0.035123
3.293118e-07, 0.035317
3.295117e-07, 0.034456
3.297118e-07, 0.034178
3.299118e-07, 0.033149
3.301117e-07, 0.032038
3.303117e-07, 0.032566
3.305118e-07, 0.030815
3.307118e-07, 0.031343
3.309117e-07, 0.032677
3.311118e-07, 0.033483
3.313118e-07, 0.034094
3.315117e-07, 0.033622
3.317117e-07, 0.032482
3.319118e-07, 0.031732
3.321118e-07, 0.031426
3.323117e-07, 0.031565
3.325117e-07, 0.030370
3.327118e-07, 0.030648
3.329117e-07, 0.030842
3.331117e-07, 0.031259
3.333118e-07, 0.032288
3.335118e-07, 0.032899
3.337117e-07, 0.031926
3.339117e-07, 0.030759
3.341118e-07, 0.031621
3.343117e-07, 0.029425
3.345117e-07, 0.027535
3.347118e-07, 0.028730
3.349118e-07, 0.029258
3.351117e-07, 0.029536
3.353117e-07, 0.030314
3.355118e-07, 0.029230
3.357117e-07, 0.028563
3.359117e-07, 0.027479
3.361118e-07, 0.021698
3.363118e-07, 0.019391
3.365117e-07, 0.021031
3.367117e-07, 0.021225
3.369118e-07, 0.023755
3.371118e-07, 0.027340
3.373117e-07, 0.031120
3.375118e-07, 0.036096
3.377118e-07, 0.032065
3.379117e-07, 0.027813
3.381117e-07, 0.026423
3.383118e-07, 0.024116
3.385118e-07, 0.023644
3.387117e-07, 0.023088
3.389118e-07, 0.022448
3.391118e-07, 0.023588
3.393117e-07, 0.026145
3.395117e-07, 0.025172
3.397118e-07, 0.025951
3.399118e-07, 0.024672
3.401117e-07, 0.021198
3.403118e-07, 0.019780
3.405118e-07, 0.020558
3.407117e-07, 0.019308
3.409117e-07, 0.019196
3.411118e-07, 0.022949
3.413118e-07, 0.023032
3.415117e-07, 0.021670
3.417118e-07, 0.019863
3.419118e-07, 0.018279
3.421117e-07, 0.018335
3.423117e-07, 0.020225
3.425118e-07, 0.019196
3.427118e-07, 0.019613
3.429117e-07, 0.019113
3.431118e-07, 0.018918
3.433118e-07, 0.019474
3.435117e-07, 0.019030
3.437117e-07, 0.017390
3.439118e-07, 0.016723
3.441118e-07, 0.016167
3.443117e-07, 0.016334
3.445118e-07, 0.015027
3.447118e-07, 0.013804
3.449117e-07, 0.013721
3.451117e-07, 0.015861
3.453118e-07, 0.016334
3.455118e-07, 0.016778
3.457117e-07, 0.016778
3.459118e-07, 0.015111
3.461118e-07, 0.013443
3.463117e-07, 0.011025
3.465117e-07, 0.011469
3.467118e-07, 0.011720
3.469118e-07, 0.011414
3.471117e-07, 0.011358
3.473117e-07, 0.012526
3.475118e-07, 0.012136
3.477117e-07, 0.011275
3.479117e-07, 0.009691
3.481118e-07, 0.007745
3.483118e-07, 0.008495
3.485117e-07, 0.009051
3.487117e-07, 0.009746
3.489118e-07, 0.009079
3.491117e-07, 0.007717
3.493117e-07, 0.008384
3.495118e-07, 0.009051
3.497118e-07, 0.008884
3.499117e-07, 0.008773
3.501117e-07, 0.008051
3.503118e-07, 0.005660
3.505117e-07, 0.004799
3.507117e-07, 0.006716
3.509118e-07, 0.010497
3.511118e-07, 0.011914
3.513117e-07, 0.011497
3.515117e-07, 0.009635
3.517118e-07, 0.009162
3.519118e-07, 0.006744
3.521117e-07, 0.005382
3.523118e-07, 0.010107
3.525118e-07, 0.012248
3.527117e-07, 0.014360
3.529117e-07, 0.015722
3.531118e-07, 0.017418
3.533118e-07, 0.018001
3.535117e-07, 0.017445
3.537118e-07, 0.018446
3.539118e-07, 0.019558
3.541117e-07, 0.018752
3.543117e-07, 0.017862
3.545118e-07, 0.018696
3.547118e-07, 0.020086
3.549117e-07, 0.022976
3.551118e-07, 0.025144
3.553118e-07, 0.026062
3.555117e-07, 0.026479
3.557117e-07, 0.025839
3.559118e-07, 0.025645
3.561118e-07, 0.023755
3.563117e-07, 0.024589
3.565118e-07, 0.025700
3.567118e-07, 0.027424
3.569117e-07, 0.029397
3.571117e-07, 0.030342
3.573118e-07, 0.030676
3.575118e-07, 0.030870
3.577117e-07, 0.033316
3.579118e-07, 0.033872
3.581118e-07, 0.033900
3.583117e-07, 0.035095
3.585117e-07, 0.033288
3.587118e-07, 0.035623
3.589118e-07, 0.037708
3.591117e-07, 0.037291
3.593118e-07, 0.037402
3.595118e-07, 0.036874
3.597117e-07, 0.036262
3.599117e-07, 0.035846
3.601118e-07, 0.034345
3.603118e-07, 0.034511
3.605117e-07, 0.035151
3.607118e-07, 0.034511
3.609118e-07, 0.033872
3.611117e-07, 0.034511
3.613117e-07, 0.035512
3.615118e-07, 0.034817
3.617118e-07, 0.033261
3.619117e-07, 0.032065
3.621117e-07, 0.031843
3.623118e-07, 0.029925
3.625117e-07, 0.029342
3.627117e-07, 0.030481
3.629118e-07, 0.030287
3.631118e-07, 0.030565
3.633117e-07, 0.031621
3.635117e-07, 0.030064
3.637118e-07, 0.028813
3.639117e-07, 0.028786
3.641117e-07, 0.028007
3.643118e-07, 0.027451
3.645118e-07, 0.025951
3.647117e-07, 0.024199
3.649117e-07, 0.024255
3.651118e-07, 0.026340
3.653118e-07, 0.028174
3.655117e-07, 0.027563
3.657118e-07, 0.027841
3.659118e-07, 0.024978
3.661117e-07, 0.020697
3.663117e-07, 0.016667
3.665118e-07, 0.018196
3.667118e-07, 0.019669
3.669117e-07, 0.021531
3.671118e-07, 0.022976
3.673118e-07, 0.027118
3.675117e-07, 0.032010
3.677117e-07, 0.029786
3.679118e-07, 0.025895
3.681118e-07, 0.025395
3.683117e-07, 0.023755
3.685118e-07, 0.021531
3.687118e-07, 0.022643
3.689117e-07, 0.020975
3.691117e-07, 0.022448
3.693118e-07, 0.024616
3.695118e-07, 0.022949
3.697117e-07, 0.023949
3.699118e-07, 0.023310
3.701118e-07, 0.020892
3.703117e-07, 0.020586
3.705117e-07, 0.020169
3.707118e-07, 0.018085
3.709118e-07, 0.019669
3.711117e-07, 0.022059
3.713118e-07, 0.023393
3.715118e-07, 0.022782
3.717117e-07, 0.019975
3.719117e-07, 0.017445
3.721118e-07, 0.017084
3.723118e-07, 0.016917
3.725117e-07, 0.017362
3.727118e-07, 0.018168
3.729118e-07, 0.017584
3.731117e-07, 0.017473
3.733117e-07, 0.018001
3.735118e-07, 0.018557
3.737118e-07, 0.017112
3.739117e-07, 0.015444
3.741118e-07, 0.014527
3.743118e-07, 0.013637
3.745117e-07, 0.013582
3.747117e-07, 0.014555
3.749118e-07, 0.013637
3.751118e-07, 0.013165
3.753117e-07, 0.015472
3.755118e-07, 0.015972
3.757118e-07, 0.015138
3.759117e-07, 0.014166
3.761117e-07, 0.012164
3.763118e-07, 0.010441
3.765118e-07, 0.010636
3.767117e-07, 0.011108
3.769118e-07, 0.010441
3.771118e-07, 0.010941
3.773117e-07, 0.011442
3.775117e-07, 0.010886
3.777118e-07, 0.010385
3.779118e-07, 0.010052
3.781117e-07, 0.008245
3.783117e-07, 0.006855
3.785118e-07, 0.007578
3.787117e-07, 0.009274
3.789117e-07, 0.008468
3.791118e-07, 0.007689
3.793118e-07, 0.008023
3.795117e-07, 0.008356
3.797117e-07, 0.007884
3.799118e-07, 0.007272
3.801118e-07, 0.006911
3.803117e-07, 0.004298
3.805118e-07, 0.002964
3.807118e-07, 0.004020
3.809117e-07, 0.007995
3.811117e-07, 0.011358
3.813118e-07, 0.011442
3.815118e-07, 0.009579
3.817117e-07, 0.009829
3.819118e-07, 0.008384
3.821118e-07, 0.006049
3.823117e-07, 0.008551
3.825117e-07, 0.011775
3.827118e-07, 0.014360
3.829118e-07, 0.016083
3.831117e-07, 0.017890
3.833118e-07, 0.018446
3.835118e-07, 0.017306
3.837117e-07, 0.017140
3.839117e-07, 0.018752
3.841118e-07, 0.018779
3.843118e-07, 0.015583
3.845117e-07, 0.015666
3.847118e-07, 0.016167
3.849118e-07, 0.016750
3.851117e-07, 0.016917
3.853117e-07, 0.018279
3.855118e-07, 0.018279
3.857118e-07, 0.018057
3.859117e-07, 0.018224
3.861118e-07, 0.016945
3.863118e-07, 0.017584
3.865117e-07, 0.017584
3.867117e-07, 0.020725
3.869118e-07, 0.021642
3.871118e-07, 0.022865
3.873117e-07, 0.024116
3.875118e-07, 0.024033
3.877118e-07, 0.023866
3.879117e-07, 0.025422
3.881117e-07, 0.026701
3.883118e-07, 0.027174
3.885118e-07, 0.026562
3.887117e-07, 0.027590
3.889118e-07, 0.029203
3.891118e-07, 0.030259
3.893117e-07, 0.029064
3.895117e-07, 0.028897
3.897118e-07, 0.028841
3.899118e-07, 0.029147
3.901117e-07, 0.028230
3.903118e-07, 0.027590
3.905118e-07, 0.027868
3.907117e-07, 0.027729
3.909117e-07, 0.028480
3.911118e-07, 0.027924
3.913118e-07, 0.029286
3.915117e-07, 0.028841
3.917118e-07, 0.028174
3.919118e-07, 0.027451
3.921117e-07, 0.026201
3.923117e-07, 0.027201
3.925118e-07, 0.026645
3.927118e-07, 0.026090
3.929117e-07, 0.026673
3.931117e-07, 0.027174
3.933118e-07, 0.027146
3.935118e-07, 0.026340
3.937117e-07, 0.027285
3.939118e-07, 0.027118
3.941118e-07, 0.025117
3.943117e-07, 0.024589
3.945117e-07, 0.022560
3.947118e-07, 0.021503
3.949118e-07, 0.022615
3.951117e-07, 0.024283
3.953118e-07, 0.025784
3.955118e-07, 0.025478
3.957117e-07, 0.024894
3.959117e-07, 0.022699
3.961118e-07, 0.018752
3.963118e-07, 0.016334
3.965117e-07, 0.015555
3.967118e-07, 0.017834
3.969118e-07, 0.019502
3.971117e-07, 0.021364
3.973117e-07, 0.024144
3.975118e-07, 0.030592
3.977118e-07, 0.030148
3.979117e-07, 0.024922
3.981118e-07, 0.022532
3.983118e-07, 0.022031
3.985117e-07, 0.020197
3.987117e-07, 0.020670
3.989118e-07, 0.019697
3.991118e-07, 0.018279
3.993117e-07, 0.020531
3.995118e-07, 0.021781
3.997118e-07, 0.021170
3.999117e-07, 0.021448
4.001117e-07, 0.018696
4.003118e-07, 0.017056
4.005118e-07, 0.016889
4.007117e-07, 0.017167
4.009118e-07, 0.016445
4.011118e-07, 0.018863
4.013117e-07, 0.020558
4.015117e-07, 0.021225
4.017118e-07, 0.020642
4.019118e-07, 0.018613
4.021117e-07, 0.016445
4.023118e-07, 0.016750
4.025118e-07, 0.016500
4.027117e-07, 0.017362
4.029117e-07, 0.018140
4.031118e-07, 0.016556
4.033118e-07, 0.015666
4.035117e-07, 0.016889
4.037118e-07, 0.016167
4.039118e-07, 0.014582
4.041117e-07, 0.014304
4.043117e-07, 0.013888
4.045118e-07, 0.013165
4.047118e-07, 0.012637
4.049117e-07, 0.012970
4.051118e-07, 0.013637
4.053118e-07, 0.014777
4.055117e-07, 0.014972
4.057117e-07, 0.014610
4.059118e-07, 0.013109
4.061118e-07, 0.011997
4.063117e-07, 0.010719
4.065118e-07, 0.009107
4.067118e-07, 0.010608
4.069117e-07, 0.010608
4.071117e-07, 0.009968
4.073118e-07, 0.010497
4.075118e-07, 0.011692
4.077117e-07, 0.010330
4.079117e-07, 0.009135
4.081118e-07, 0.007717
4.083118e-07, 0.006216
4.085117e-07, 0.006828
4.087118e-07, 0.007467
4.089118e-07, 0.006744
4.091117e-07, 0.005605
4.093117e-07, 0.007078
4.095118e-07, 0.007606
4.097118e-07, 0.007689
4.099117e-07, 0.006994
4.101118e-07, 0.007133
4.103118e-07, 0.004409
4.105117e-07, 0.003187
4.107117e-07, 0.003353
4.109118e-07, 0.006188
4.111118e-07, 0.009524
4.113117e-07, 0.010302
4.115118e-07, 0.009190
4.117118e-07, 0.008718
4.119117e-07, 0.006522
4.121117e-07, 0.004271
4.123118e-07, 0.007439
4.125118e-07, 0.010219
4.127117e-07, 0.013693
4.129118e-07, 0.017001
4.131118e-07, 0.018251
4.133117e-07, 0.019363
4.135117e-07, 0.018307
4.137118e-07, 0.017668
4.139118e-07, 0.018668
4.141117e-07, 0.017279
4.143118e-07, 0.015166
4.145118e-07, 0.015472
4.147117e-07, 0.017001
4.149117e-07, 0.015861
4.151118e-07, 0.017223
4.153118e-07, 0.018001
4.155117e-07, 0.018057
4.157118e-07, 0.018279
4.159118e-07, 0.019057
4.161117e-07, 0.018335
4.163117e-07, 0.016750
4.165118e-07, 0.017334
4.167118e-07, 0.020697
4.169117e-07, 0.021809
4.171118e-07, 0.023254
4.173118e-07, 0.024533
4.175117e-07, 0.024311
4.177117e-07, 0.024005
4.179118e-07, 0.025895
4.181118e-07, 0.026757
4.183117e-07, 0.026367
4.185118e-07, 0.027007
4.187118e-07, 0.028619
4.189117e-07, 0.029425
4.191117e-07, 0.029286
4.193118e-07, 0.030592
4.195118e-07, 0.030287
4.197117e-07, 0.029008
4.199118e-07, 0.028869
4.201118e-07, 0.028535
4.203117e-07, 0.027868
4.205117e-07, 0.026979
4.207118e-07, 0.027590
4.209118e-07, 0.027507
4.211117e-07, 0.029064
4.213118e-07, 0.029036
4.215118e-07, 0.029508
4.217118e-07, 0.029481
4.219117e-07, 0.028508
4.221118e-07, 0.027507
4.223118e-07, 0.026562
4.225117e-07, 0.025478
4.227117e-07, 0.025645
4.229118e-07, 0.027201
4.231118e-07, 0.027868
4.233117e-07, 0.027813
4.235118e-07, 0.027396
4.237118e-07, 0.025812
4.239117e-07, 0.025256
4.241117e-07, 0.024811
4.243118e-07, 0.025367
4.245118e-07, 0.024394
4.247117e-07, 0.022865
4.249118e-07, 0.022309
4.251118e-07, 0.024533
4.253117e-07, 0.025812
4.255117e-07, 0.026284
4.257118e-07, 0.026117
4.259118e-07, 0.024088
4.261117e-07, 0.018918
4.263118e-07, 0.016361
4.265118e-07, 0.016695
4.267117e-07, 0.017640
4.269117e-07, 0.019224
4.271118e-07, 0.019641
4.273118e-07, 0.022560
4.275117e-07, 0.028563
4.277118e-07, 0.030453
4.279118e-07, 0.025951
4.281117e-07, 0.023616
4.283117e-07, 0.023505
4.285118e-07, 0.023282
4.287118e-07, 0.020114
4.289117e-07, 0.018807
4.291118e-07, 0.020169
4.293118e-07, 0.021809
4.295117e-07, 0.022587
4.297117e-07, 0.023004
4.299118e-07, 0.022810
4.301118e-07, 0.020697
4.303117e-07, 0.018446
4.305118e-07, 0.017279
4.307118e-07, 0.017640
4.309117e-07, 0.017223
4.311117e-07, 0.019391
4.313118e-07, 0.021253
4.315118e-07, 0.020336
4.317117e-07, 0.019752
4.319118e-07, 0.018196
4.321118e-07, 0.016500
4.323117e-07, 0.016167
4.325117e-07, 0.015750
4.327118e-07, 0.017556
4.329118e-07, 0.017834
4.331117e-07, 0.016723
4.333118e-07, 0.016806
4.335118e-07, 0.017306
4.337117e-07, 0.016778
4.339117e-07, 0.015166
4.341118e-07, 0.015277
4.343118e-07, 0.014304
4.345117e-07, 0.013248
4.347118e-07, 0.013332
4.349118e-07, 0.013332
4.351117e-07, 0.013109
4.353117e-07, 0.014193
4.355118e-07, 0.015250
4.357118e-07, 0.014944
4.359117e-07, 0.013443
4.361118e-07, 0.011831
4.363118e-07, 0.010858
4.365118e-07, 0.010274
4.367117e-07, 0.009023
4.369118e-07, 0.008579
4.371118e-07, 0.009496
4.373117e-07, 0.010441
4.375118e-07, 0.010080
4.377118e-07, 0.010552
4.379118e-07, 0.008801
4.381117e-07, 0.008884
4.383118e-07, 0.007439
4.385118e-07, 0.006133
4.387117e-07, 0.008162
4.389117e-07, 0.007828
4.391118e-07, 0.006605
4.393118e-07, 0.007078
4.395117e-07, 0.006828
4.397118e-07, 0.007106
4.399118e-07, 0.007495
4.401117e-07, 0.007245
4.403117e-07, 0.005938
4.405118e-07, 0.004104
4.407118e-07, 0.002992
4.409117e-07, 0.006022
4.411118e-07, 0.009663
4.413118e-07, 0.011025
4.415117e-07, 0.009607
4.417117e-07, 0.008078
4.419118e-07, 0.008217
4.421118e-07, 0.005355
4.423117e-07, 0.005549
4.425118e-07, 0.009218
4.427118e-07, 0.013387
4.429117e-07, 0.014416
4.431117e-07, 0.015277
4.433118e-07, 0.017473
4.435118e-07, 0.016417
4.437117e-07, 0.014944
4.439118e-07, 0.016111
4.441118e-07, 0.016139
4.443117e-07, 0.013749
4.445117e-07, 0.012859
4.447118e-07, 0.013137
4.449118e-07, 0.014249
4.451117e-07, 0.014916
4.453118e-07, 0.017167
4.455118e-07, 0.017140
4.457117e-07, 0.017084
4.459117e-07, 0.017445
4.461118e-07, 0.017556
4.463118e-07, 0.016806
4.465117e-07, 0.019169
4.467118e-07, 0.020002
4.469118e-07, 0.021031
4.471117e-07, 0.022031
4.473117e-07, 0.024311
4.475118e-07, 0.024060
4.477118e-07, 0.024894
4.479117e-07, 0.025923
4.481118e-07, 0.025589
4.483118e-07, 0.026757
4.485117e-07, 0.026534
4.487117e-07, 0.028091
4.489118e-07, 0.028535
4.491118e-07, 0.028202
4.493117e-07, 0.029592
4.495118e-07, 0.030287
4.497118e-07, 0.029786
4.499118e-07, 0.029286
4.501117e-07, 0.027924
4.503118e-07, 0.027312
4.505118e-07, 0.027563
4.507117e-07, 0.028341
4.509118e-07, 0.029175
4.511118e-07, 0.028508
4.513118e-07, 0.028341
4.515117e-07, 0.029230
4.517118e-07, 0.029842
4.519118e-07, 0.028730
4.521117e-07, 0.027035
4.523118e-07, 0.025673
4.525118e-07, 0.025422
4.527118e-07, 0.026312
4.529117e-07, 0.026312
4.531118e-07, 0.027729
4.533118e-07, 0.026840
4.535118e-07, 0.027451
4.537118e-07, 0.028452
4.539117e-07, 0.025867
4.541117e-07, 0.026256
4.543117e-07, 0.025311
4.545118e-07, 0.023310
4.547118e-07, 0.021726
4.549118e-07, 0.021225
4.551118e-07, 0.022532
4.553117e-07, 0.025200
4.555117e-07, 0.026479
4.557117e-07, 0.026757
4.559118e-07, 0.026117
4.561118e-07, 0.021392
4.563118e-07, 0.018029
4.565118e-07, 0.016639
4.567117e-07, 0.017779
4.569117e-07, 0.018640
4.571117e-07, 0.020781
4.573118e-07, 0.022838
4.575118e-07, 0.028786
4.577118e-07, 0.032149
4.579118e-07, 0.026451
4.581117e-07, 0.023838
4.583117e-07, 0.023838
4.585117e-07, 0.022421
4.587118e-07, 0.020781
4.589118e-07, 0.018251
4.591118e-07, 0.020141
4.593118e-07, 0.021781
4.595117e-07, 0.021253
4.597117e-07, 0.022337
4.599117e-07, 0.022921
4.601118e-07, 0.019863
4.603118e-07, 0.018446
4.605118e-07, 0.018029
4.607118e-07, 0.018168
4.609117e-07, 0.017418
4.611117e-07, 0.018807
4.613117e-07, 0.020531
4.615118e-07, 0.020614
4.617118e-07, 0.019752
4.619118e-07, 0.017973
4.621118e-07, 0.016306
4.623117e-07, 0.015805
4.625117e-07, 0.015555
4.627117e-07, 0.016472
4.629118e-07, 0.015778
4.631118e-07, 0.015472
4.633118e-07, 0.016056
4.635118e-07, 0.015944
4.637117e-07, 0.015805
4.639117e-07, 0.016056
4.641117e-07, 0.015194
4.643118e-07, 0.014610
4.645118e-07, 0.012804
4.647118e-07, 0.014166
4.649118e-07, 0.013026
4.651117e-07, 0.012831
4.653117e-07, 0.013804
4.655117e-07, 0.014360
4.657118e-07, 0.015388
4.659118e-07, 0.013387
4.661118e-07, 0.012136
4.663118e-07, 0.011636
4.665117e-07, 0.009885
4.667117e-07, 0.009329
4.669117e-07, 0.010052
4.671118e-07, 0.009413
4.673118e-07, 0.009579
4.675118e-07, 0.010913
4.677118e-07, 0.010358
4.679117e-07, 0.009357
4.681117e-07, 0.009051
4.683117e-07, 0.008162
4.685117e-07, 0.007300
4.687118e-07, 0.007912
4.689118e-07, 0.007856
4.691118e-07, 0.007856
4.693117e-07, 0.006494
4.695117e-07, 0.006327
4.697117e-07, 0.007967
4.699117e-07, 0.007578
4.701118e-07, 0.006744
4.703118e-07, 0.004826
4.705118e-07, 0.003325
4.707117e-07, 0.003798
4.709117e-07, 0.004604
4.711117e-07, 0.008884
4.713117e-07, 0.011136
4.715118e-07, 0.009579
4.717118e-07, 0.009051
4.719118e-07, 0.008773
4.721118e-07, 0.004326
4.723117e-07, 0.005605
4.725117e-07, 0.009135
4.727117e-07, 0.011970
4.729118e-07, 0.014944
4.731118e-07, 0.015722
4.733118e-07, 0.017140
4.735118e-07, 0.016417
4.737117e-07, 0.014999
4.739117e-07, 0.016139
4.741117e-07, 0.016917
4.743118e-07, 0.016556
4.745118e-07, 0.014221
4.747118e-07, 0.014944
4.749118e-07, 0.015277
4.751117e-07, 0.015917
4.753117e-07, 0.019113
4.755117e-07, 0.018279
4.757118e-07, 0.019169
4.759118e-07, 0.019308
4.761118e-07, 0.017306
4.763118e-07, 0.017612
4.765117e-07, 0.017973
4.767117e-07, 0.019419
4.769117e-07, 0.021865
4.771118e-07, 0.022448
4.773118e-07, 0.024477
4.775118e-07, 0.024700
4.777118e-07, 0.025089
4.779117e-07, 0.025311
4.781117e-07, 0.027451
4.783117e-07, 0.027757
4.785118e-07, 0.026256
4.787118e-07, 0.027229
4.789118e-07, 0.029036
4.791118e-07, 0.028619
4.793117e-07, 0.030648
4.795117e-07, 0.030870
4.797117e-07, 0.030870
4.799118e-07, 0.030203
4.801118e-07, 0.029564
4.803118e-07, 0.030259
4.805118e-07, 0.029925
4.807117e-07, 0.028702
4.809117e-07, 0.028813
4.811117e-07, 0.029508
4.813118e-07, 0.030481
4.815118e-07, 0.030481
4.817118e-07, 0.030231
4.819118e-07, 0.028730
4.821117e-07, 0.026812
4.823117e-07, 0.026117
4.825117e-07, 0.026673
4.827118e-07, 0.027285
4.829118e-07, 0.026868
4.831118e-07, 0.027451
4.833118e-07, 0.028258
4.835117e-07, 0.026784
4.837117e-07, 0.026896
4.839117e-07, 0.025673
4.841118e-07, 0.025978
4.843118e-07, 0.025283
4.845118e-07, 0.025256
4.847118e-07, 0.024033
4.849117e-07, 0.022560
4.851117e-07, 0.024144
4.853117e-07, 0.025033
4.855118e-07, 0.025006
4.857118e-07, 0.026228
4.859118e-07, 0.026284
4.861118e-07, 0.021976
4.863117e-07, 0.017445
4.865117e-07, 0.014416
4.867117e-07, 0.014749
4.869118e-07, 0.016750
4.871118e-07, 0.019252
4.873118e-07, 0.022782
4.875118e-07, 0.027729
4.877117e-07, 0.031676
4.879117e-07, 0.027924
4.881117e-07, 0.023866
4.883118e-07, 0.022504
4.885118e-07, 0.022059
4.887118e-07, 0.022031
4.889118e-07, 0.019169
4.891117e-07, 0.018307
4.893117e-07, 0.019613
4.895117e-07, 0.020781
4.897118e-07, 0.022004
4.899118e-07, 0.022754
4.901118e-07, 0.019836
4.903118e-07, 0.017418
4.905117e-07, 0.017695
4.907117e-07, 0.017306
4.909117e-07, 0.017279
4.911118e-07, 0.018613
4.913118e-07, 0.021698
4.915118e-07, 0.019752
4.917118e-07, 0.020503
4.919117e-07, 0.019391
4.921117e-07, 0.017140
4.923117e-07, 0.015917
4.925118e-07, 0.015583
4.927118e-07, 0.016750
4.929118e-07, 0.016417
4.931118e-07, 0.015222
4.933117e-07, 0.015750
4.935117e-07, 0.017251
4.937117e-07, 0.016222
4.939118e-07, 0.016195
4.941118e-07, 0.015166
4.943118e-07, 0.013637
4.945118e-07, 0.013193
4.947117e-07, 0.013109
4.949117e-07, 0.013637
4.951117e-07, 0.012414
4.953118e-07, 0.013915
4.955118e-07, 0.013999
4.957118e-07, 0.014527
4.959118e-07, 0.013999
4.961117e-07, 0.012692
4.963117e-07, 0.011581
4.965117e-07, 0.010302
4.967118e-07, 0.009913
4.969118e-07, 0.009301
4.971118e-07, 0.009718
4.973118e-07, 0.010358
4.975117e-07, 0.010469
4.977117e-07, 0.010385
4.979117e-07, 0.009968
4.981118e-07, 0.009579
4.983118e-07, 0.008690
4.985118e-07, 0.006466
4.987118e-07, 0.007245
4.989117e-07, 0.009579
4.991117e-07, 0.008329
4.993117e-07, 0.006494
4.995117e-07, 0.006411
4.997118e-07, 0.007550
4.999118e-07, 0.007217
5.001118e-07, 0.007106
5.003118e-07, 0.008162
5.005117e-07, 0.005549
5.007117e-07, 0.003242
5.009117e-07, 0.004854
5.011118e-07, 0.008106
5.013118e-07, 0.010747
5.015118e-07, 0.010358
5.017118e-07, 0.008217
5.019117e-07, 0.008273
5.021117e-07, 0.004965
5.023117e-07, 0.005160
5.025118e-07, 0.009274
5.027118e-07, 0.012192
5.029118e-07, 0.013332
5.031118e-07, 0.014582
5.033117e-07, 0.017306
5.035117e-07, 0.017529
5.037117e-07, 0.017612
5.039118e-07, 0.018224
5.041118e-07, 0.018640
5.043118e-07, 0.018251
5.045118e-07, 0.014388
5.047117e-07, 0.015305
5.049117e-07, 0.015639
5.051117e-07, 0.014833
5.053118e-07, 0.016222
5.055118e-07, 0.017056
5.057118e-07, 0.018196
5.059118e-07, 0.017668
5.061117e-07, 0.017362
5.063117e-07, 0.017723
5.065117e-07, 0.017584
5.067118e-07, 0.017890
5.069118e-07, 0.019335
5.071118e-07, 0.021698
5.073118e-07, 0.022949
5.075117e-07, 0.022921
5.077117e-07, 0.024227
5.079117e-07, 0.024867
5.081118e-07, 0.026256
5.083118e-07, 0.027035
5.085118e-07, 0.025839
5.087118e-07, 0.026284
5.089117e-07, 0.028035
5.091117e-07, 0.028369
5.093117e-07, 0.029842
5.095118e-07, 0.030175
5.097118e-07, 0.028813
5.099118e-07, 0.029008
5.101118e-07, 0.028730
5.103117e-07, 0.028508
5.105117e-07, 0.027090
5.107117e-07, 0.027535
5.109118e-07, 0.027646
5.111118e-07, 0.027479
5.113118e-07, 0.029647
5.115118e-07, 0.030565
5.117117e-07, 0.028869
5.119117e-07, 0.027757
5.121117e-07, 0.027924
5.123118e-07, 0.027396
5.125118e-07, 0.027702
5.127118e-07, 0.026868
5.129118e-07, 0.026284
5.131117e-07, 0.027340
5.133117e-07, 0.027507
5.135117e-07, 0.027952
5.137118e-07, 0.028813
5.139118e-07, 0.026896
5.141118e-07, 0.025256
5.143118e-07, 0.024394
5.145117e-07, 0.024839
5.147117e-07, 0.024060
5.149117e-07, 0.023532
5.151118e-07, 0.023338
5.153118e-07, 0.024755
5.155118e-07, 0.025339
5.157118e-07, 0.026812
5.159117e-07, 0.026590
5.161117e-07, 0.023894
5.163117e-07, 0.018529
5.165118e-07, 0.015222
5.167118e-07, 0.015750
5.169118e-07, 0.018029
5.171118e-07, 0.020336
5.173117e-07, 0.022143
5.175117e-07, 0.025756
5.177117e-07, 0.029703
5.179118e-07, 0.027257
5.181118e-07, 0.023477
5.183118e-07, 0.022309
5.185118e-07, 0.021587
5.187117e-07, 0.020697
5.189117e-07, 0.019113
5.191117e-07, 0.017973
5.193118e-07, 0.020614
5.195118e-07, 0.021281
5.197118e-07, 0.021253
5.199118e-07, 0.020947
5.201117e-07, 0.021031
5.203117e-07, 0.018196
5.205117e-07, 0.016723
5.207118e-07, 0.018668
5.209118e-07, 0.017418
5.211118e-07, 0.018390
5.213118e-07, 0.020447
5.215117e-07, 0.019947
5.217117e-07, 0.020280
5.219117e-07, 0.018613
5.221118e-07, 0.017140
5.223118e-07, 0.016111
5.225118e-07, 0.014749
5.227118e-07, 0.016278
5.229117e-07, 0.017640
5.231117e-07, 0.017279
5.233117e-07, 0.017529
5.235118e-07, 0.017556
5.237118e-07, 0.016695
5.239118e-07, 0.016389
5.241118e-07, 0.015722
5.243117e-07, 0.015722
5.245117e-07, 0.014304
5.247117e-07, 0.013109
5.249118e-07, 0.014082
5.251118e-07, 0.012609
5.253118e-07, 0.012414
5.255118e-07, 0.013971
5.257117e-07, 0.015527
5.259117e-07, 0.014777
5.261117e-07, 0.013554
5.263118e-07, 0.011386
5.265118e-07, 0.010302
5.267118e-07, 0.010330
5.269118e-07, 0.009857
5.271117e-07, 0.010580
5.273117e-07, 0.010330
5.275117e-07, 0.010274
5.277118e-07, 0.010385
5.279118e-07, 0.009663
5.281118e-07, 0.008384
5.283118e-07, 0.007495
5.285118e-07, 0.007189
5.287117e-07, 0.008301
5.289117e-07, 0.009162
5.291117e-07, 0.008329
5.293118e-07, 0.007912
5.295118e-07, 0.006994
5.297118e-07, 0.007161
5.299118e-07, 0.009051
5.301117e-07, 0.006188
5.303117e-07, 0.004437
5.305117e-07, 0.002603
5.307118e-07, 0.001769
5.309118e-07, 0.002436
5.311118e-07, 0.007106
5.313118e-07, 0.011386
5.315117e-07, 0.011442
5.317117e-07, 0.009246
5.319117e-07, 0.008106
5.321118e-07, 0.005827
5.323118e-07, 0.005493
5.325118e-07, 0.008217
5.327118e-07, 0.009552
5.329117e-07, 0.012970
5.331117e-07, 0.015555
5.333117e-07, 0.016945
5.335118e-07, 0.018502
5.337118e-07, 0.016556
5.339118e-07, 0.015166
5.341118e-07, 0.017612
5.343117e-07, 0.017668
5.345117e-07, 0.017001
5.347117e-07, 0.017306
5.349118e-07, 0.017751
5.351118e-07, 0.018279
5.353118e-07, 0.021003
5.355118e-07, 0.022976
5.357117e-07, 0.023560
5.359117e-07, 0.025228
5.361117e-07, 0.024088
5.363118e-07, 0.023532
5.365118e-07, 0.023866
5.367118e-07, 0.026034
5.369118e-07, 0.027229
5.371117e-07, 0.030287
5.373117e-07, 0.032621
5.375117e-07, 0.032010
5.377118e-07, 0.033344
5.379118e-07, 0.033817
5.381118e-07, 0.033400
5.383118e-07, 0.034984
5.385117e-07, 0.033872
5.387117e-07, 0.034122
5.389117e-07, 0.035039
5.391118e-07, 0.036179
5.393118e-07, 0.037041
5.395118e-07, 0.036485
5.397118e-07, 0.036540
5.399117e-07, 0.035929
5.401117e-07, 0.034956
5.403117e-07, 0.035262
5.405118e-07, 0.034011
5.407118e-07, 0.033344
5.409118e-07, 0.033594
5.411118e-07, 0.033733
5.413117e-07, 0.033928
5.415117e-07, 0.034595
5.417117e-07, 0.034901
5.419118e-07, 0.034539
5.421118e-07, 0.034206
5.423118e-07, 0.032733
5.425118e-07, 0.031454
5.427117e-07, 0.031148
5.429117e-07, 0.030592
5.431117e-07, 0.031593
5.433118e-07, 0.032038
5.435118e-07, 0.030731
5.437118e-07, 0.030036
5.439118e-07, 0.030481
5.441117e-07, 0.030036
5.443117e-07, 0.028925
5.445117e-07, 0.028452
5.447118e-07, 0.027229
5.449118e-07, 0.025812
5.451118e-07, 0.026367
5.453118e-07, 0.027841
5.455117e-07, 0.028730
5.457117e-07, 0.030342
5.459117e-07, 0.028702
5.461118e-07, 0.026729
5.463118e-07, 0.023032
5.465118e-07, 0.019280
5.467118e-07, 0.020225
5.469117e-07, 0.021364
5.471117e-07, 0.022143
5.473117e-07, 0.024978
5.475118e-07, 0.028869
5.477118e-07, 0.034928
5.479118e-07, 0.032955
5.481118e-07, 0.028230
5.483117e-07, 0.026923
5.485117e-07, 0.024672
5.487117e-07, 0.023032
5.489118e-07, 0.022699
5.491118e-07, 0.020975
5.493118e-07, 0.022726
5.495118e-07, 0.024755
5.497117e-07, 0.023949
5.499117e-07, 0.024311
5.501117e-07, 0.024033
5.503118e-07, 0.021670
5.505118e-07, 0.019196
5.507118e-07, 0.020030
5.509118e-07, 0.019613
5.511117e-07, 0.018363
5.513117e-07, 0.021031
5.515117e-07, 0.022282
5.517118e-07, 0.023199
5.519118e-07, 0.021531
5.521118e-07, 0.018807
5.523118e-07, 0.017223
5.525117e-07, 0.019030
5.527117e-07, 0.019780
5.529117e-07, 0.018640
5.531118e-07, 0.017918
5.533118e-07, 0.018279
5.535118e-07, 0.018335
5.537118e-07, 0.017556
5.539117e-07, 0.017556
5.541117e-07, 0.016222
5.543117e-07, 0.014277
5.545118e-07, 0.013999
5.547118e-07, 0.014527
5.549118e-07, 0.014916
5.551118e-07, 0.014610
5.553117e-07, 0.015222
5.555117e-07, 0.016334
5.557117e-07, 0.016723
5.559118e-07, 0.016222
5.561118e-07, 0.014249
5.563118e-07, 0.012804
5.565118e-07, 0.011469
5.567118e-07, 0.011720
5.569117e-07, 0.011553
5.571117e-07, 0.010830
5.573118e-07, 0.011414
5.575118e-07, 0.011775
5.577118e-07, 0.013554
5.579118e-07, 0.011747
5.581118e-07, 0.010886
5.583117e-07, 0.008134
5.585117e-07, 0.007606
5.587118e-07, 0.008356
5.589118e-07, 0.010802
5.591118e-07, 0.010552
5.593118e-07, 0.008440
5.595118e-07, 0.007773
5.597117e-07, 0.008023
5.599117e-07, 0.008162
5.601117e-07, 0.008356
5.603118e-07, 0.007050
5.605118e-07, 0.006161
5.607118e-07, 0.005021
5.609118e-07, 0.005716
5.611117e-07, 0.008106
5.613117e-07, 0.011914
5.615117e-07, 0.013193
5.617118e-07, 0.010219
5.619118e-07, 0.009635
5.621118e-07, 0.010163
5.623118e-07, 0.005910
5.625117e-07, 0.008523
5.627117e-07, 0.011247
5.629117e-07, 0.012553
5.631118e-07, 0.014499
5.633118e-07, 0.017334
5.635118e-07, 0.018418
5.637118e-07, 0.017223
5.639117e-07, 0.017445
5.641117e-07, 0.019363
5.643117e-07, 0.018668
5.645118e-07, 0.017362
5.647118e-07, 0.017418
5.649118e-07, 0.017473
5.651118e-07, 0.017584
5.653117e-07, 0.019252
5.655117e-07, 0.021003
5.657117e-07, 0.020503
5.659118e-07, 0.020475
5.661118e-07, 0.021587
5.663118e-07, 0.019641
5.665118e-07, 0.020364
5.667117e-07, 0.021920
5.669117e-07, 0.023171
5.671117e-07, 0.025089
5.673118e-07, 0.027896
5.675118e-07, 0.027563
5.677118e-07, 0.028397
5.679118e-07, 0.028452
5.681117e-07, 0.029147
5.683117e-07, 0.031120
5.685117e-07, 0.030620
5.687118e-07, 0.030926
5.689118e-07, 0.031343
5.691118e-07, 0.031926
5.693118e-07, 0.033955
5.695117e-07, 0.033205
5.697117e-07, 0.033344
5.699117e-07, 0.032788
5.701118e-07, 0.032371
5.703118e-07, 0.031815
5.705118e-07, 0.030426
5.707118e-07, 0.030231
5.709117e-07, 0.028258
5.711117e-07, 0.029119
5.713117e-07, 0.031259
5.715118e-07, 0.031232
5.717118e-07, 0.031565
5.719118e-07, 0.030926
5.721118e-07, 0.030287
5.723117e-07, 0.030064
5.725117e-07, 0.029453
5.727117e-07, 0.028730
5.729118e-07, 0.029258
5.731118e-07, 0.029870
5.733118e-07, 0.030120
5.735118e-07, 0.029564
5.737117e-07, 0.029453
5.739117e-07, 0.028730
5.741117e-07, 0.028841
5.743118e-07, 0.028424
5.745118e-07, 0.027368
5.747118e-07, 0.027563
5.749118e-07, 0.024561
5.751117e-07, 0.024338
5.753117e-07, 0.026868
5.755117e-07, 0.028174
5.757118e-07, 0.029369
5.759118e-07, 0.029119
5.761118e-07, 0.027618
5.763118e-07, 0.023922
5.765117e-07, 0.019030
5.767117e-07, 0.018307
5.769117e-07, 0.018668
5.771118e-07, 0.022838
5.773118e-07, 0.023755
5.775118e-07, 0.027174
5.777118e-07, 0.033066
5.779117e-07, 0.033900
5.781117e-07, 0.028202
5.783117e-07, 0.025700
5.785118e-07, 0.025561
5.787118e-07, 0.024922
5.789118e-07, 0.023254
5.791118e-07, 0.020586
5.793117e-07, 0.022143
5.795117e-07, 0.023588
5.797117e-07, 0.023671
5.799118e-07, 0.023171
5.801118e-07, 0.023199
5.803118e-07, 0.021170
5.805118e-07, 0.018668
5.807117e-07, 0.019558
5.809117e-07, 0.019141
5.811117e-07, 0.019224
5.813118e-07, 0.020141
5.815118e-07, 0.022782
5.817118e-07, 0.022087
5.819118e-07, 0.020225
5.821117e-07, 0.018224
5.823117e-07, 0.016945
5.825117e-07, 0.016000
5.827118e-07, 0.016667
5.829118e-07, 0.017807
5.831118e-07, 0.016862
5.833118e-07, 0.015944
5.835117e-07, 0.016778
5.837117e-07, 0.017695
5.839117e-07, 0.016834
5.841118e-07, 0.015500
5.843118e-07, 0.014721
5.845118e-07, 0.015388
5.847118e-07, 0.015222
5.849118e-07, 0.014388
5.851117e-07, 0.014443
5.853117e-07, 0.014666
5.855118e-07, 0.014555
5.857118e-07, 0.015527
5.859118e-07, 0.015500
5.861118e-07, 0.014805
5.863118e-07, 0.012970
5.865117e-07, 0.011803
5.867117e-07, 0.011775
5.869118e-07, 0.011720
5.871118e-07, 0.011025
5.873118e-07, 0.011970
5.875118e-07, 0.012025
5.877118e-07, 0.011525
5.879117e-07, 0.012470
5.881117e-07, 0.011831
5.883118e-07, 0.009635
5.885118e-07, 0.008634
5.887118e-07, 0.007661
5.889118e-07, 0.009218
5.891118e-07, 0.009413
5.893117e-07, 0.008134
5.895117e-07, 0.008162
5.897117e-07, 0.007634
5.899118e-07, 0.006994
5.901118e-07, 0.007356
5.903118e-07, 0.007411
5.905118e-07, 0.006661
5.907117e-07, 0.004938
5.909117e-07, 0.004910
5.911117e-07, 0.007523
5.913118e-07, 0.011025
5.915118e-07, 0.011859
5.917118e-07, 0.011164
5.919118e-07, 0.009663
5.921117e-07, 0.007828
5.923117e-07, 0.004799
5.925117e-07, 0.007773
5.927118e-07, 0.011720
5.929118e-07, 0.012859
5.931118e-07, 0.014416
5.933118e-07, 0.015694
5.935117e-07, 0.017695
5.937117e-07, 0.017946
5.939117e-07, 0.017418
5.941118e-07, 0.017973
5.943118e-07, 0.018891
5.945118e-07, 0.018474
5.947118e-07, 0.018057
5.949117e-07, 0.019558
5.951117e-07, 0.021503
5.953117e-07, 0.023922
5.955118e-07, 0.025673
5.957118e-07, 0.026367
5.959118e-07, 0.026868
5.961118e-07, 0.026896
5.963117e-07, 0.025839
5.965117e-07, 0.024199
5.967117e-07, 0.026173
5.969118e-07, 0.027785
5.971118e-07, 0.028897
5.973118e-07, 0.031176
5.975118e-07, 0.032927
5.977117e-07, 0.034011
5.979117e-07, 0.035262
5.981117e-07, 0.036957
5.983118e-07, 0.036624
5.985118e-07, 0.036235
5.987118e-07, 0.036568
5.989118e-07, 0.038153
5.991117e-07, 0.038708
5.993117e-07, 0.040598
5.995117e-07, 0.040459
5.997118e-07, 0.040209
5.999118e-07, 0.040849
6.001118e-07, 0.040821
6.003118e-07, 0.039514
6.005117e-07, 0.037819
6.007117e-07, 0.037430
6.009117e-07, 0.036763
6.011118e-07, 0.036791
6.013118e-07, 0.036902
6.015118e-07, 0.038458
6.017118e-07, 0.038681
6.019117e-07, 0.038264
6.021117e-07, 0.036818
6.023117e-07, 0.036735
6.025118e-07, 0.035095
6.027118e-07, 0.034317
6.029118e-07, 0.033733
6.031118e-07, 0.034206
6.033117e-07, 0.035262
6.035117e-07, 0.035345
6.037117e-07, 0.034789
6.039118e-07, 0.033789
6.041118e-07, 0.032482
6.043118e-07, 0.031176
6.045118e-07, 0.030981
6.047117e-07, 0.029425
6.049117e-07, 0.026618
6.051117e-07, 0.025978
6.053118e-07, 0.027646
6.055118e-07, 0.028063
6.057118e-07, 0.030676
6.059118e-07, 0.030036
6.061117e-07, 0.029925
6.063117e-07, 0.025534
6.065117e-07, 0.020697
6.067118e-07, 0.019975
6.069118e-07, 0.019586
6.071118e-07, 0.021170
6.073118e-07, 0.023477
6.075117e-07, 0.026729
6.077117e-07, 0.031871
6.079117e-07, 0.035373
6.081118e-07, 0.030842
6.083118e-07, 0.027590
6.085118e-07, 0.025478
6.087118e-07, 0.023393
6.089117e-07, 0.023588
6.091117e-07, 0.022059
6.093117e-07, 0.022309
6.095118e-07, 0.025395
6.097118e-07, 0.025589
6.099118e-07, 0.025450
6.101118e-07, 0.024950
6.103117e-07, 0.023755
6.105117e-07, 0.021837
6.107117e-07, 0.021754
6.109118e-07, 0.022031
6.111118e-07, 0.022031
6.113118e-07, 0.023560
6.115118e-07, 0.025478
6.117117e-07, 0.025839
6.119117e-07, 0.024922
6.121117e-07, 0.022476
6.123118e-07, 0.020280
6.125118e-07, 0.020419
6.127118e-07, 0.019697
6.129118e-07, 0.019252
6.131118e-07, 0.019502
6.133117e-07, 0.019697
6.135117e-07, 0.020002
6.137118e-07, 0.019780
6.139118e-07, 0.018335
6.141118e-07, 0.017834
6.143118e-07, 0.017084
6.145118e-07, 0.015833
6.147117e-07, 0.016306
6.149117e-07, 0.017418
6.151118e-07, 0.014999
6.153118e-07, 0.015111
6.155118e-07, 0.017028
6.157118e-07, 0.016750
6.159118e-07, 0.016556
6.161117e-07, 0.016306
6.163117e-07, 0.013498
6.165118e-07, 0.011747
6.167118e-07, 0.012192
6.169118e-07, 0.012248
6.171118e-07, 0.011247
6.173118e-07, 0.011275
6.175117e-07, 0.012303
6.177117e-07, 0.012442
6.179118e-07, 0.012553
6.181118e-07, 0.010858
6.183118e-07, 0.010135
6.185118e-07, 0.009218
6.187118e-07, 0.008245
6.189117e-07, 0.009357
6.191117e-07, 0.008940
6.193118e-07, 0.008968
6.195118e-07, 0.008579
6.197118e-07, 0.007217
6.199118e-07, 0.008051
6.201118e-07, 0.007856
6.203117e-07, 0.007606
6.205117e-07, 0.006327
6.207117e-07, 0.005716
6.209118e-07, 0.005355
6.211118e-07, 0.007856
6.213118e-07, 0.009079
6.215118e-07, 0.012109
6.217117e-07, 0.011720
6.219117e-07, 0.010441
6.221117e-07, 0.009913
6.223118e-07, 0.006411
6.225118e-07, 0.006550
6.227118e-07, 0.012303
6.229118e-07, 0.015944
6.231117e-07, 0.018279
6.233117e-07, 0.019558
6.235117e-07, 0.020947
6.237118e-07, 0.022059
6.239118e-07, 0.019613
6.241118e-07, 0.020475
6.243118e-07, 0.021142
6.245117e-07, 0.019641
6.247117e-07, 0.018891
6.249117e-07, 0.018168
6.251118e-07, 0.017223
6.253118e-07, 0.018335
6.255118e-07, 0.019447
6.257118e-07, 0.020836
6.259117e-07, 0.021420
6.261117e-07, 0.020808
6.263117e-07, 0.021503
6.265118e-07, 0.019724
6.267118e-07, 0.019391
6.269118e-07, 0.021309
6.271118e-07, 0.022782
6.273117e-07, 0.025061
6.275117e-07, 0.024783
6.277117e-07, 0.025200
6.279118e-07, 0.024700
6.281118e-07, 0.025061
6.283118e-07, 0.027035
6.285118e-07, 0.026729
6.287117e-07, 0.026506
6.289117e-07, 0.027868
6.291117e-07, 0.028619
6.293118e-07, 0.030426
6.295118e-07, 0.032065
6.297118e-07, 0.031732
6.299118e-07, 0.031259
6.301117e-07, 0.031649
6.303117e-07, 0.031232
6.305117e-07, 0.028952
6.307118e-07, 0.028091
6.309118e-07, 0.028119
6.311118e-07, 0.028397
6.313118e-07, 0.028480
6.315117e-07, 0.029897
6.317117e-07, 0.031009
6.319117e-07, 0.030314
6.321118e-07, 0.028508
6.323118e-07, 0.028091
6.325118e-07, 0.027174
6.327118e-07, 0.027813
6.329117e-07, 0.028202
6.331117e-07, 0.026701
6.333117e-07, 0.028230
6.335118e-07, 0.029842
6.337118e-07, 0.028841
6.339118e-07, 0.027813
6.341118e-07, 0.026228
6.343117e-07, 0.026423
6.345117e-07, 0.025561
6.347117e-07, 0.024477
6.349118e-07, 0.023060
6.351118e-07, 0.022309
6.353118e-07, 0.022226
6.355118e-07, 0.024366
6.357117e-07, 0.026757
6.359117e-07, 0.027368
6.361117e-07, 0.026423
6.363118e-07, 0.021559
6.365118e-07, 0.017973
6.367118e-07, 0.016000
6.369118e-07, 0.017418
6.371117e-07, 0.019141
6.373117e-07, 0.020864
6.375117e-07, 0.023060
6.377118e-07, 0.027757
6.379118e-07, 0.033261
6.381118e-07, 0.029119
6.383118e-07, 0.025422
6.385117e-07, 0.023922
6.387117e-07, 0.022421
6.389117e-07, 0.021114
6.391118e-07, 0.019530
6.393118e-07, 0.019530
6.395118e-07, 0.021587
6.397118e-07, 0.023143
6.399117e-07, 0.022476
6.401117e-07, 0.023338
6.403117e-07, 0.022254
6.405118e-07, 0.017890
6.407118e-07, 0.017890
6.409118e-07, 0.018279
6.411118e-07, 0.018640
6.413118e-07, 0.020169
6.415117e-07, 0.021059
6.417117e-07, 0.021503
6.419118e-07, 0.021392
6.421118e-07, 0.018390
6.423118e-07, 0.016278
6.425118e-07, 0.016917
6.427118e-07, 0.017112
6.429117e-07, 0.017640
6.431117e-07, 0.018029
6.433118e-07, 0.016500
6.435118e-07, 0.016778
6.437118e-07, 0.017723
6.439118e-07, 0.017445
6.441118e-07, 0.016723
6.443117e-07, 0.015694
6.445117e-07, 0.015194
6.447118e-07, 0.014527
6.449118e-07, 0.014388
6.451118e-07, 0.013943
6.453118e-07, 0.013220
6.455118e-07, 0.014193
6.457117e-07, 0.013415
6.459117e-07, 0.015944
6.461118e-07, 0.014888
6.463118e-07, 0.013915
6.465118e-07, 0.013332
6.467118e-07, 0.012025
6.469118e-07, 0.010830
6.471117e-07, 0.010830
6.473117e-07, 0.010524
6.475118e-07, 0.010913
6.477118e-07, 0.011997
6.479118e-07, 0.011581
6.481118e-07, 0.010302
6.483118e-07, 0.009746
6.485117e-07, 0.008468
6.487117e-07, 0.008412
6.489118e-07, 0.009023
6.491118e-07, 0.008884
6.493118e-07, 0.007856
6.495118e-07, 0.009246
6.497118e-07, 0.008440
6.499117e-07, 0.008996
6.501117e-07, 0.009329
6.503117e-07, 0.007912
6.505118e-07, 0.007133
6.507118e-07, 0.004965
6.509118e-07, 0.002964
6.511118e-07, 0.006133
6.513117e-07, 0.010135
6.515117e-07, 0.011942
6.517117e-07, 0.011247
6.519118e-07, 0.009857
6.521118e-07, 0.007967
6.523118e-07, 0.006022
6.525118e-07, 0.006716
6.527117e-07, 0.012275
6.529117e-07, 0.015666
6.531117e-07, 0.016611
6.533118e-07, 0.017334
6.535118e-07, 0.020114
6.537118e-07, 0.021253
6.539118e-07, 0.017918
6.541117e-07, 0.017112
6.543117e-07, 0.017834
6.545117e-07, 0.018140
6.547118e-07, 0.016695
6.549118e-07, 0.016417
6.551118e-07, 0.016056
6.553118e-07, 0.017584
6.555117e-07, 0.018251
6.557117e-07, 0.018863
6.559117e-07, 0.020141
6.561118e-07, 0.020086
6.563118e-07, 0.019808
6.565118e-07, 0.018112
6.567118e-07, 0.018835
6.569117e-07, 0.019335
6.571117e-07, 0.020781
6.573117e-07, 0.023866
6.575118e-07, 0.025117
6.577118e-07, 0.026256
6.579118e-07, 0.026201
6.581118e-07, 0.026645
6.583117e-07, 0.028952
6.585117e-07, 0.028146
6.587117e-07, 0.029508
6.589118e-07, 0.028508
6.591118e-07, 0.029175
6.593118e-07, 0.030731
6.595118e-07, 0.031176
6.597117e-07, 0.030509
6.599117e-07, 0.030287
6.601117e-07, 0.030342
6.603118e-07, 0.030231
6.605118e-07, 0.030398
6.607118e-07, 0.029619
6.609118e-07, 0.029119
6.611117e-07, 0.028758
6.613117e-07, 0.028174
6.615117e-07, 0.030565
6.617118e-07, 0.030565
6.619118e-07, 0.030592
6.621118e-07, 0.030426
6.623118e-07, 0.029453
6.625117e-07, 0.028119
6.627117e-07, 0.028119
6.629117e-07, 0.028674
6.631118e-07, 0.027841
6.633118e-07, 0.027674
6.635118e-07, 0.028424
6.637118e-07, 0.028452
6.639117e-07, 0.028397
6.641117e-07, 0.026979
6.643117e-07, 0.025339
6.645118e-07, 0.025728
6.647118e-07, 0.025033
6.649118e-07, 0.023227
6.651118e-07, 0.022560
6.653117e-07, 0.022282
6.655117e-07, 0.025228
6.657117e-07, 0.026618
6.659118e-07, 0.027285
6.661118e-07, 0.025951
6.663118e-07, 0.023894
6.665118e-07, 0.019447
6.667117e-07, 0.016695
6.669117e-07, 0.017334
6.671117e-07, 0.018140
6.673118e-07, 0.020753
6.675118e-07, 0.023421
6.677118e-07, 0.026896
6.679118e-07, 0.031815
6.681117e-07, 0.030954
6.683117e-07, 0.025367
6.685117e-07, 0.022754
6.687118e-07, 0.023699
6.689118e-07, 0.023699
6.691118e-07, 0.020892
6.693118e-07, 0.020280
6.695118e-07, 0.021253
6.697117e-07, 0.023894
6.699117e-07, 0.022921
6.701118e-07, 0.023338
6.703118e-07, 0.021170
6.705118e-07, 0.019113
6.707118e-07, 0.018613
6.709118e-07, 0.019141
6.711117e-07, 0.017084
6.713117e-07, 0.018057
6.715118e-07, 0.021281
6.717118e-07, 0.021003
6.719118e-07, 0.020225
6.721118e-07, 0.018807
6.723118e-07, 0.017529
6.725117e-07, 0.017084
6.727117e-07, 0.017418
6.729118e-07, 0.016778
6.731118e-07, 0.016306
6.733118e-07, 0.017140
6.735118e-07, 0.017973
6.737118e-07, 0.018085
6.739117e-07, 0.017445
6.741117e-07, 0.016389
6.743118e-07, 0.014443
6.745118e-07, 0.013637
6.747118e-07, 0.013554
6.749118e-07, 0.014054
6.751118e-07, 0.013860
6.753117e-07, 0.014249
6.755117e-07, 0.014221
6.757118e-07, 0.014666
6.759118e-07, 0.014082
6.761118e-07, 0.013693
6.763118e-07, 0.013304
6.765118e-07, 0.010913
6.767117e-07, 0.010385
6.769117e-07, 0.011414
6.771118e-07, 0.010219
6.773118e-07, 0.010775
6.775118e-07, 0.010441
6.777118e-07, 0.010441
6.779118e-07, 0.011080
6.781117e-07, 0.009829
6.783117e-07, 0.009663
6.785118e-07, 0.009413
6.787118e-07, 0.007578
6.789118e-07, 0.008329
6.791118e-07, 0.008356
6.793118e-07, 0.008912
6.795117e-07, 0.008745
6.797117e-07, 0.007272
6.799118e-07, 0.007300
6.801118e-07, 0.007995
6.803118e-07, 0.008579
6.805118e-07, 0.007495
6.807118e-07, 0.004882
6.809117e-07, 0.003298
6.811117e-07, 0.003576
6.813117e-07, 0.007967
6.815118e-07, 0.011775
6.817118e-07, 0.011831
6.819118e-07, 0.010135
6.821118e-07, 0.008912
6.823117e-07, 0.006439
6.825117e-07, 0.005243
6.827117e-07, 0.010524
6.829118e-07, 0.013804
6.831118e-07, 0.014499
6.833118e-07, 0.015333
6.835118e-07, 0.017334
6.837117e-07, 0.019863
6.839117e-07, 0.018363
6.841117e-07, 0.017167
6.843118e-07, 0.017862
6.845118e-07, 0.017890
6.847118e-07, 0.016083
6.849118e-07, 0.015083
6.851117e-07, 0.017612
6.853117e-07, 0.017084
6.855117e-07, 0.017946
6.857118e-07, 0.019085
6.859118e-07, 0.020419
6.861118e-07, 0.019308
6.863118e-07, 0.018974
6.865117e-07, 0.018418
6.867117e-07, 0.018307
6.869117e-07, 0.019391
6.871118e-07, 0.021086
6.873118e-07, 0.023338
6.875118e-07, 0.025978
6.877118e-07, 0.025839
6.879117e-07, 0.025395
6.881117e-07, 0.025645
6.883117e-07, 0.027146
6.885118e-07, 0.027201
6.887118e-07, 0.027451
6.889118e-07, 0.027757
6.891118e-07, 0.028813
6.893117e-07, 0.029481
6.895117e-07, 0.031871
6.897117e-07, 0.031565
6.899118e-07, 0.031593
6.901118e-07, 0.031287
6.903118e-07, 0.031037
6.905118e-07, 0.029675
6.907117e-07, 0.028369
6.909117e-07, 0.029203
6.911117e-07, 0.028508
6.913118e-07, 0.027813
6.915118e-07, 0.029258
6.917118e-07, 0.030926
6.919118e-07, 0.030120
6.921117e-07, 0.028952
6.923117e-07, 0.029453
6.925117e-07, 0.027201
6.927118e-07, 0.027201
6.929118e-07, 0.026506
6.931118e-07, 0.026312
6.933118e-07, 0.027007
6.935117e-07, 0.028619
6.937117e-07, 0.029286
6.939117e-07, 0.026896
6.941118e-07, 0.025895
6.943118e-07, 0.026145
6.945118e-07, 0.026340
6.947118e-07, 0.026173
6.949117e-07, 0.023949
6.951117e-07, 0.021059
6.953117e-07, 0.021114
6.955118e-07, 0.023310
6.957118e-07, 0.026117
6.959118e-07, 0.027980
6.961118e-07, 0.027674
6.963117e-07, 0.024644
6.965117e-07, 0.019780
6.967117e-07, 0.017668
6.969118e-07, 0.016806
6.971118e-07, 0.018807
6.973118e-07, 0.020253
6.975118e-07, 0.021698
6.977118e-07, 0.026395
6.979117e-07, 0.031843
6.981117e-07, 0.031065
6.983118e-07, 0.025033
6.985118e-07, 0.024366
6.987118e-07, 0.023449
6.989118e-07, 0.022004
6.991118e-07, 0.020558
6.993117e-07, 0.021059
6.995117e-07, 0.021114
6.997118e-07, 0.022004
6.999118e-07, 0.022532
7.001118e-07, 0.022365
7.003118e-07, 0.023143
7.005118e-07, 0.020670
7.007117e-07, 0.017556
7.009117e-07, 0.019196
7.011118e-07, 0.017362
7.013118e-07, 0.018057
7.015118e-07, 0.022170
7.017118e-07, 0.023115
7.019118e-07, 0.020586
7.021117e-07, 0.019863
7.023117e-07, 0.017834
7.025118e-07, 0.015944
7.027118e-07, 0.016973
7.029118e-07, 0.018168
7.031118e-07, 0.017640
7.033118e-07, 0.018307
7.035117e-07, 0.017946
7.037117e-07, 0.017001
7.039118e-07, 0.017556
7.041118e-07, 0.016611
7.043118e-07, 0.015055
7.045118e-07, 0.014027
7.047118e-07, 0.013637
7.049117e-07, 0.013860
7.051117e-07, 0.013721
7.053118e-07, 0.013749
7.055118e-07, 0.014277
7.057118e-07, 0.015388
7.059118e-07, 0.015917
7.061118e-07, 0.015472
7.063117e-07, 0.015083
7.065117e-07, 0.011886
7.067118e-07, 0.010080
7.069118e-07, 0.010830
7.071118e-07, 0.010775
7.073118e-07, 0.010497
7.075118e-07, 0.011886
7.077117e-07, 0.011553
7.079117e-07, 0.010663
7.081118e-07, 0.010552
7.083118e-07, 0.010691
7.085118e-07, 0.010413
7.087118e-07, 0.008607
7.089118e-07, 0.007439
7.091117e-07, 0.007773
7.093117e-07, 0.007578
7.095118e-07, 0.006855
7.097118e-07, 0.007661
7.099118e-07, 0.007078
7.101118e-07, 0.007106
7.103118e-07, 0.006939
7.105117e-07, 0.006188
7.107117e-07, 0.005355
7.109117e-07, 0.002853
7.111118e-07, 0.003492
7.113118e-07, 0.007272
7.115118e-07, 0.010969
7.117118e-07, 0.011469
7.119117e-07, 0.011358
7.121117e-07, 0.008884
7.123117e-07, 0.006327
7.125118e-07, 0.005938
7.127118e-07, 0.009746
7.129118e-07, 0.012470
7.131118e-07, 0.014110
7.133117e-07, 0.016056
7.135117e-07, 0.016834
7.137117e-07, 0.018640
7.139118e-07, 0.017890
7.141118e-07, 0.016556
7.143118e-07, 0.019113
7.145118e-07, 0.017834
7.147117e-07, 0.016334
7.149117e-07, 0.016000
7.151117e-07, 0.017445
7.153118e-07, 0.018057
7.155118e-07, 0.018390
7.157118e-07, 0.019280
7.159118e-07, 0.017751
7.161117e-07, 0.019447
7.163117e-07, 0.020531
7.165117e-07, 0.018529
7.167118e-07, 0.019447
7.169118e-07, 0.019836
7.171118e-07, 0.020336
7.173118e-07, 0.023254
7.175117e-07, 0.024060
7.177117e-07, 0.023949
7.179117e-07, 0.025450
7.181118e-07, 0.025534
7.183118e-07, 0.027146
7.185118e-07, 0.027451
7.187118e-07, 0.027479
7.189117e-07, 0.027841
7.191117e-07, 0.027729
7.193117e-07, 0.028897
7.195118e-07, 0.030898
7.197118e-07, 0.030759
7.199118e-07, 0.029758
7.201118e-07, 0.030203
7.203117e-07, 0.030342
7.205117e-07, 0.029397
7.207117e-07, 0.029814
7.209118e-07, 0.029397
7.211118e-07, 0.027868
7.213118e-07, 0.027535
7.215118e-07, 0.028786
7.217117e-07, 0.030120
7.219117e-07, 0.030064
7.221117e-07, 0.029453
7.223118e-07, 0.029175
7.225118e-07, 0.028730
7.227118e-07, 0.027229
7.229118e-07, 0.026395
7.231117e-07, 0.026645
7.233117e-07, 0.027229
7.235117e-07, 0.027785
7.237118e-07, 0.026645
7.239118e-07, 0.026201
7.241118e-07, 0.027674
7.243118e-07, 0.026201
7.245117e-07, 0.024505
7.247117e-07, 0.024533
7.249117e-07, 0.023783
7.251118e-07, 0.022226
7.253118e-07, 0.022532
7.255118e-07, 0.023421
7.257118e-07, 0.025256
7.259118e-07, 0.026117
7.261117e-07, 0.026367
7.263117e-07, 0.024227
7.265118e-07, 0.020392
7.267118e-07, 0.016889
7.269118e-07, 0.015055
7.271118e-07, 0.016306
7.273118e-07, 0.018696
7.275117e-07, 0.021253
7.277117e-07, 0.024394
7.279118e-07, 0.028313
7.281118e-07, 0.030731
7.283118e-07, 0.026173
7.285118e-07, 0.023783
7.287118e-07, 0.023755
7.289117e-07, 0.022532
7.291117e-07, 0.021142
7.293118e-07, 0.019586
7.295118e-07, 0.021031
7.297118e-07, 0.024366
7.299118e-07, 0.023783
7.301118e-07, 0.023393
7.303117e-07, 0.023727
7.305117e-07, 0.020836
7.307118e-07, 0.018418
7.309118e-07, 0.018946
7.311118e-07, 0.018529
7.313118e-07, 0.017362
7.315118e-07, 0.019308
7.317117e-07, 0.020808
7.319117e-07, 0.021309
7.321118e-07, 0.020697
7.323118e-07, 0.018418
7.325118e-07, 0.017556
7.327118e-07, 0.015889
7.329118e-07, 0.017112
7.331117e-07, 0.018001
7.333117e-07, 0.017167
7.335118e-07, 0.017418
7.337118e-07, 0.018446
7.339118e-07, 0.018835
7.341118e-07, 0.017584
7.343118e-07, 0.016306
7.345117e-07, 0.013665
7.347117e-07, 0.014054
7.349118e-07, 0.014749
7.351118e-07, 0.014499
7.353118e-07, 0.013026
7.355118e-07, 0.013749
7.357118e-07, 0.014888
7.359117e-07, 0.014221
7.361117e-07, 0.014749
7.363118e-07, 0.013415
7.365118e-07, 0.011970
7.367118e-07, 0.011275
7.369118e-07, 0.008996
7.371118e-07, 0.009802
7.373117e-07, 0.010302
7.375117e-07, 0.010163
7.377118e-07, 0.011191
7.379118e-07, 0.010580
7.381118e-07, 0.011164
7.383118e-07, 0.009802
7.385118e-07, 0.008829
7.387117e-07, 0.008023
7.389117e-07, 0.008551
7.391118e-07, 0.009107
7.393118e-07, 0.008495
7.395118e-07, 0.008551
7.397118e-07, 0.007495
7.399118e-07, 0.006605
7.401117e-07, 0.007439
7.403117e-07, 0.008162
7.405118e-07, 0.007384
7.407118e-07, 0.006022
7.409118e-07, 0.003576
7.411118e-07, 0.004882
7.413118e-07, 0.006967
7.415117e-07, 0.010886
7.417117e-07, 0.011330
7.419117e-07, 0.009440
7.421118e-07, 0.008523
7.423118e-07, 0.007439
7.425118e-07, 0.004576
7.427118e-07, 0.007384
7.429117e-07, 0.013137
7.431117e-07, 0.015083
7.433117e-07, 0.016750
7.435118e-07, 0.018251
7.437118e-07, 0.019836
7.439118e-07, 0.019752
7.441118e-07, 0.017946
7.443117e-07, 0.019252
7.445117e-07, 0.020086
7.447117e-07, 0.018307
7.449118e-07, 0.015027
7.451118e-07, 0.015611
7.453118e-07, 0.017195
7.455118e-07, 0.017890
7.457117e-07, 0.019141
7.459117e-07, 0.020447
7.461117e-07, 0.018779
7.463118e-07, 0.019030
7.465118e-07, 0.018918
7.467118e-07, 0.017834
7.469118e-07, 0.017946
7.471117e-07, 0.019085
7.473117e-07, 0.020503
7.475117e-07, 0.024839
7.477118e-07, 0.024811
7.479118e-07, 0.024783
7.481118e-07, 0.025172
7.483118e-07, 0.026757
7.485117e-07, 0.027535
7.487117e-07, 0.027785
7.489117e-07, 0.027757
7.491118e-07, 0.028897
7.493118e-07, 0.030537
7.495118e-07, 0.031676
7.497118e-07, 0.031065
7.499117e-07, 0.030342
7.501117e-07, 0.030398
7.503117e-07, 0.031232
7.505118e-07, 0.029814
7.507118e-07, 0.029953
7.509118e-07, 0.029036
7.511118e-07, 0.027841
7.513117e-07, 0.028647
7.515117e-07, 0.030426
7.517117e-07, 0.031037
7.519118e-07, 0.030426
7.521118e-07, 0.031148
7.523118e-07, 0.031009
7.525118e-07, 0.029036
7.527117e-07, 0.027924
7.529117e-07, 0.026951
7.531117e-07, 0.027424
7.533118e-07, 0.028174
7.535118e-07, 0.028424
7.537118e-07, 0.028786
7.539118e-07, 0.027285
7.541118e-07, 0.028647
7.543117e-07, 0.028952
7.545117e-07, 0.027007
7.547118e-07, 0.025895
7.549118e-07, 0.026117
7.551118e-07, 0.023143
7.553118e-07, 0.022643
7.555118e-07, 0.024366
7.557117e-07, 0.026506
7.559117e-07, 0.027340
7.561118e-07, 0.025617
7.563118e-07, 0.023755
7.565118e-07, 0.021142
7.567118e-07, 0.018335
7.569118e-07, 0.017362
7.571117e-07, 0.017779
7.573117e-07, 0.020141
7.575118e-07, 0.021754
7.577118e-07, 0.024672
7.579118e-07, 0.029592
7.581118e-07, 0.032983
7.583118e-07, 0.029091
7.585117e-07, 0.024867
7.587117e-07, 0.023949
7.589118e-07, 0.022309
7.591118e-07, 0.020503
7.593118e-07, 0.019863
7.595118e-07, 0.020197
7.597118e-07, 0.022004
7.599117e-07, 0.023560
7.601117e-07, 0.022476
7.603118e-07, 0.023449
7.605118e-07, 0.021670
7.607118e-07, 0.018557
7.609118e-07, 0.018474
7.611118e-07, 0.017918
7.613117e-07, 0.017028
7.615117e-07, 0.018891
7.617118e-07, 0.020864
7.619118e-07, 0.020920
7.621118e-07, 0.019669
7.623118e-07, 0.018001
7.625118e-07, 0.016195
7.627117e-07, 0.015833
7.629117e-07, 0.016139
7.631118e-07, 0.016083
7.633118e-07, 0.017445
7.635118e-07, 0.018335
7.637118e-07, 0.017973
7.639118e-07, 0.018390
7.641117e-07, 0.017473
7.643117e-07, 0.016862
7.645118e-07, 0.015639
7.647118e-07, 0.013776
7.649118e-07, 0.013832
7.651118e-07, 0.012970
7.653118e-07, 0.013026
7.655117e-07, 0.013498
7.657117e-07, 0.014888
7.659118e-07, 0.014805
7.661118e-07, 0.015388
7.663118e-07, 0.014027
7.665118e-07, 0.010802
7.667118e-07, 0.011886
7.669117e-07, 0.011803
7.671117e-07, 0.009385
7.673118e-07, 0.009468
7.675118e-07, 0.009941
7.677118e-07, 0.010663
7.679118e-07, 0.011330
7.681118e-07, 0.010691
7.683117e-07, 0.010719
7.685117e-07, 0.010441
7.687118e-07, 0.009385
7.689118e-07, 0.007856
7.691118e-07, 0.008273
7.693118e-07, 0.008857
7.695118e-07, 0.007495
7.697117e-07, 0.006939
7.699117e-07, 0.006828
7.701118e-07, 0.007189
7.703118e-07, 0.007300
7.705118e-07, 0.006439
7.707118e-07, 0.006161
7.709118e-07, 0.003826
7.711117e-07, 0.003242
7.713117e-07, 0.006577
7.715117e-07, 0.009385
7.717118e-07, 0.011330
7.719118e-07, 0.010469
7.721118e-07, 0.008940
7.723118e-07, 0.009718
7.725117e-07, 0.006077
7.727117e-07, 0.007050
7.729117e-07, 0.013776
7.731118e-07, 0.015527
7.733118e-07, 0.015111
7.735118e-07, 0.016973
7.737118e-07, 0.019447
7.739117e-07, 0.020503
7.741117e-07, 0.018835
7.743117e-07, 0.018863
7.745118e-07, 0.020141
7.747118e-07, 0.017890
7.749118e-07, 0.015555
7.751118e-07, 0.015917
7.753117e-07, 0.017612
7.755117e-07, 0.017834
7.757117e-07, 0.018696
7.759118e-07, 0.020197
7.761118e-07, 0.020503
7.763118e-07, 0.020114
7.765118e-07, 0.020114
7.767117e-07, 0.019752
7.769117e-07, 0.019002
7.771117e-07, 0.019419
7.773118e-07, 0.023143
7.775118e-07, 0.025200
7.777118e-07, 0.026896
7.779118e-07, 0.026923
7.781117e-07, 0.026757
7.783117e-07, 0.026701
7.785117e-07, 0.027007
7.787118e-07, 0.029536
7.789118e-07, 0.029369
7.791118e-07, 0.027868
7.793118e-07, 0.028841
7.795117e-07, 0.030342
7.797117e-07, 0.031704
7.799117e-07, 0.032121
7.801118e-07, 0.031426
7.803118e-07, 0.031787
7.805118e-07, 0.030787
7.807118e-07, 0.030259
7.809117e-07, 0.029119
7.811117e-07, 0.028702
7.813117e-07, 0.029147
7.815118e-07, 0.030148
7.817118e-07, 0.030064
7.819118e-07, 0.030481
7.821118e-07, 0.030287
7.823118e-07, 0.030509
7.825117e-07, 0.029203
7.827117e-07, 0.028480
7.829118e-07, 0.027785
7.831118e-07, 0.026534
7.833118e-07, 0.027451
7.835118e-07, 0.027479
7.837118e-07, 0.028258
7.839117e-07, 0.027868
7.841117e-07, 0.027841
7.843118e-07, 0.027563
7.845118e-07, 0.025923
7.847118e-07, 0.025506
7.849118e-07, 0.025172
7.851118e-07, 0.023505
7.853117e-07, 0.021948
7.855117e-07, 0.022865
7.857118e-07, 0.024394
7.859118e-07, 0.026673
7.861118e-07, 0.026201
7.863118e-07, 0.024728
7.865118e-07, 0.022754
7.867117e-07, 0.018390
7.869117e-07, 0.016000
7.871118e-07, 0.016556
7.873118e-07, 0.019002
7.875118e-07, 0.022671
7.877118e-07, 0.024561
7.879118e-07, 0.027785
7.881117e-07, 0.031954
7.883117e-07, 0.029981
7.885118e-07, 0.024867
7.887118e-07, 0.024783
7.889118e-07, 0.024172
7.891118e-07, 0.022337
7.893118e-07, 0.020531
7.895117e-07, 0.021726
7.897117e-07, 0.022699
7.899118e-07, 0.023310
7.901118e-07, 0.021698
7.903118e-07, 0.021809
7.905118e-07, 0.021059
7.907118e-07, 0.019280
7.909117e-07, 0.018835
7.911117e-07, 0.019530
7.913118e-07, 0.018557
7.915118e-07, 0.019558
7.917118e-07, 0.021031
7.919118e-07, 0.020531
7.921118e-07, 0.021003
7.923117e-07, 0.020114
7.925117e-07, 0.017140
7.927118e-07, 0.015639
7.929118e-07, 0.017195
7.931118e-07, 0.019363
7.933118e-07, 0.018946
7.935118e-07, 0.018057
7.937117e-07, 0.017501
7.939117e-07, 0.018112
7.941118e-07, 0.017223
7.943118e-07, 0.015333
7.945118e-07, 0.013498
7.947118e-07, 0.014582
7.949118e-07, 0.014972
7.951117e-07, 0.014054
7.953117e-07, 0.013776
7.955118e-07, 0.013193
7.957118e-07, 0.014277
7.959118e-07, 0.015889
7.961118e-07, 0.015944
7.963118e-07, 0.014860
7.965117e-07, 0.012859
7.967117e-07, 0.012331
7.969118e-07, 0.010330
7.971118e-07, 0.010358
7.973118e-07, 0.010441
7.975118e-07, 0.010608
7.977118e-07, 0.010608
7.979117e-07, 0.011581
7.981117e-07, 0.011386
7.983118e-07, 0.010246
7.985118e-07, 0.008884
7.987118e-07, 0.008690
7.989118e-07, 0.007523
7.991118e-07, 0.008190
7.993117e-07, 0.009190
7.995117e-07, 0.007689
7.997118e-07, 0.008523
7.999118e-07, 0.007189
8.001118e-07, 0.007106
8.003118e-07, 0.008162
8.005118e-07, 0.007328
8.007117e-07, 0.006216
8.009117e-07, 0.004298
8.011118e-07, 0.002992
8.013118e-07, 0.004910
8.015118e-07, 0.008662
8.017118e-07, 0.011720
8.019118e-07, 0.012192
8.021117e-07, 0.011275
8.023117e-07, 0.009246
8.025117e-07, 0.006077
8.027118e-07, 0.006550
8.029118e-07, 0.011108
8.031118e-07, 0.015555
8.033118e-07, 0.016167
8.035117e-07, 0.015305
8.037117e-07, 0.017890
8.039117e-07, 0.019669
8.041118e-07, 0.018390
8.043118e-07, 0.018891
8.045118e-07, 0.018863
8.047118e-07, 0.017862
8.049117e-07, 0.016862
8.051117e-07, 0.015277
8.053117e-07, 0.017140
8.055118e-07, 0.017723
8.057118e-07, 0.017890
8.059118e-07, 0.019085
8.061118e-07, 0.019891
8.063117e-07, 0.019836
8.065117e-07, 0.018668
8.067117e-07, 0.018335
8.069118e-07, 0.019113
8.071118e-07, 0.019447
8.073118e-07, 0.021309
8.075118e-07, 0.022309
8.077117e-07, 0.024672
8.079117e-07, 0.024922
8.081117e-07, 0.025367
8.083118e-07, 0.026145
8.085118e-07, 0.027535
8.087118e-07, 0.027174
8.089118e-07, 0.026868
8.091117e-07, 0.026812
8.093117e-07, 0.028035
8.095117e-07, 0.028952
8.097118e-07, 0.030092
8.099118e-07, 0.031259
8.101118e-07, 0.030731
8.103118e-07, 0.030509
8.105118e-07, 0.029508
8.107117e-07, 0.029397
8.109117e-07, 0.029481
8.111118e-07, 0.029536
8.113118e-07, 0.029119
8.115118e-07, 0.029147
8.117118e-07, 0.030370
8.119118e-07, 0.030592
8.121117e-07, 0.030231
8.123117e-07, 0.031343
8.125118e-07, 0.029258
8.127118e-07, 0.026868
8.129118e-07, 0.027896
8.131118e-07, 0.029258
8.133118e-07, 0.027424
8.135117e-07, 0.028424
8.137117e-07, 0.029230
8.139118e-07, 0.029647
8.141118e-07, 0.027757
8.143118e-07, 0.027646
8.145118e-07, 0.027757
8.147118e-07, 0.026784
8.149117e-07, 0.025144
8.151117e-07, 0.022949
8.153118e-07, 0.022309
8.155118e-07, 0.023310
8.157118e-07, 0.024839
8.159118e-07, 0.026923
8.161118e-07, 0.027451
8.163117e-07, 0.026534
8.165117e-07, 0.023254
8.167118e-07, 0.019891
8.169118e-07, 0.016917
8.171118e-07, 0.016056
8.173118e-07, 0.018502
8.175118e-07, 0.019697
8.177117e-07, 0.023755
8.179117e-07, 0.026590
8.181118e-07, 0.032482
8.183118e-07, 0.030898
8.185118e-07, 0.024950
8.187118e-07, 0.023810
8.189118e-07, 0.023227
8.191117e-07, 0.021198
8.193117e-07, 0.019863
8.195118e-07, 0.019308
8.197118e-07, 0.021503
8.199118e-07, 0.023366
8.201118e-07, 0.022198
8.203118e-07, 0.020725
8.205117e-07, 0.021031
8.207117e-07, 0.017473
8.209118e-07, 0.017584
8.211118e-07, 0.017695
8.213118e-07, 0.015305
8.215118e-07, 0.016584
8.217118e-07, 0.020253
8.219117e-07, 0.020614
8.221117e-07, 0.021615
8.223118e-07, 0.019224
8.225118e-07, 0.016639
8.227118e-07, 0.015917
8.229118e-07, 0.016973
8.231118e-07, 0.016306
8.233117e-07, 0.016222
8.235117e-07, 0.016111
8.237118e-07, 0.015917
8.239118e-07, 0.016306
8.241118e-07, 0.017001
8.243118e-07, 0.016417
8.245118e-07, 0.014805
8.247117e-07, 0.014638
8.249117e-07, 0.013888
8.251118e-07, 0.013081
8.253118e-07, 0.012581
8.255118e-07, 0.013193
8.257118e-07, 0.014916
8.259118e-07, 0.014860
8.261117e-07, 0.014388
8.263117e-07, 0.014499
8.265118e-07, 0.015361
8.267118e-07, 0.013081
8.269118e-07, 0.009941
8.271118e-07, 0.009301
8.273118e-07, 0.008551
8.275117e-07, 0.008134
8.277117e-07, 0.008912
8.279118e-07, 0.009691
8.281118e-07, 0.011164
8.283118e-07, 0.011219
8.285118e-07, 0.008718
8.287118e-07, 0.006883
8.289117e-07, 0.006744
8.291117e-07, 0.006994
8.293118e-07, 0.007689
8.295118e-07, 0.006828
8.297118e-07, 0.007133
8.299118e-07, 0.006522
8.301118e-07, 0.006439
8.303117e-07, 0.007217
8.305117e-07, 0.007467
8.307118e-07, 0.007523
8.309118e-07, 0.004048
8.311118e-07, 0.001686
8.313118e-07, 0.003603
8.315118e-07, 0.006883
8.317117e-07, 0.010886
8.319117e-07, 0.009885
8.321117e-07, 0.009246
8.323118e-07, 0.008440
8.325118e-07, 0.006105
8.327118e-07, 0.005994
8.329118e-07, 0.010163
8.331117e-07, 0.014638
8.333117e-07, 0.016917
8.335117e-07, 0.017695
8.337118e-07, 0.020114
8.339118e-07, 0.020364
8.341118e-07, 0.019335
8.343118e-07, 0.018251
8.345117e-07, 0.019641
8.347117e-07, 0.020058
8.349117e-07, 0.016334
8.351118e-07, 0.014638
8.353118e-07, 0.016111
8.355118e-07, 0.018418
8.357118e-07, 0.019975
8.359117e-07, 0.020642
8.361117e-07, 0.020392
8.363117e-07, 0.020808
8.365118e-07, 0.019641
8.367118e-07, 0.018585
8.369118e-07, 0.018585
8.371118e-07, 0.018946
8.373117e-07, 0.021309
8.375117e-07, 0.023227
8.377117e-07, 0.024728
8.379118e-07, 0.026896
8.381118e-07, 0.026201
8.383118e-07, 0.027062
8.385118e-07, 0.027646
8.387118e-07, 0.028202
8.389117e-07, 0.028841
8.391117e-07, 0.029842
8.393118e-07, 0.030453
8.395118e-07, 0.031871
8.397118e-07, 0.031593
8.399118e-07, 0.032232
8.401118e-07, 0.032482
8.403117e-07, 0.032371
8.405117e-07, 0.033122
8.407118e-07, 0.032149
8.409118e-07, 0.030287
8.411118e-07, 0.029342
8.413118e-07, 0.029508
8.415118e-07, 0.029786
8.417117e-07, 0.031510
8.419117e-07, 0.031176
8.421118e-07, 0.030148
8.423118e-07, 0.030426
8.425118e-07, 0.029481
8.427118e-07, 0.028508
8.429118e-07, 0.027646
8.431117e-07, 0.026228
8.433117e-07, 0.027451
8.435118e-07, 0.028007
8.437118e-07, 0.027896
8.439118e-07, 0.027451
8.441118e-07, 0.026562
8.443118e-07, 0.027507
8.445117e-07, 0.027062
8.447117e-07, 0.026034
8.449118e-07, 0.026367
8.451118e-07, 0.023783
8.453118e-07, 0.023088
8.455118e-07, 0.023004
8.457118e-07, 0.024116
8.459117e-07, 0.024894
8.461117e-07, 0.025951
8.463118e-07, 0.024950
8.465118e-07, 0.021337
8.467118e-07, 0.019308
8.469118e-07, 0.016611
8.471118e-07, 0.017084
8.473117e-07, 0.018196
8.475117e-07, 0.019780
8.477118e-07, 0.020614
8.479118e-07, 0.024144
8.481118e-07, 0.028925
8.483118e-07, 0.029619
8.485118e-07, 0.025450
8.487117e-07, 0.023644
8.489117e-07, 0.023282
8.491118e-07, 0.022976
8.493118e-07, 0.021198
8.495118e-07, 0.019752
8.497118e-07, 0.020864
8.499118e-07, 0.022087
8.501117e-07, 0.022587
8.503117e-07, 0.021837
8.505118e-07, 0.021698
8.507118e-07, 0.020558
8.509118e-07, 0.018112
8.511118e-07, 0.019141
8.513118e-07, 0.019169
8.515117e-07, 0.019196
8.517117e-07, 0.020447
8.519118e-07, 0.022393
8.521118e-07, 0.021448
8.523118e-07, 0.020030
8.525118e-07, 0.018029
8.527118e-07, 0.016139
8.529117e-07, 0.018057
8.531117e-07, 0.018057
8.533118e-07, 0.018224
8.535118e-07, 0.017279
8.537118e-07, 0.017501
8.539118e-07, 0.017001
8.541118e-07, 0.017084
8.543117e-07, 0.016556
8.545117e-07, 0.015639
8.547118e-07, 0.013915
8.549118e-07, 0.014082
8.551118e-07, 0.014694
8.553118e-07, 0.014833
8.555118e-07, 0.013776
8.557117e-07, 0.014443
8.559117e-07, 0.015388
8.561118e-07, 0.015917
8.563118e-07, 0.015083
8.565118e-07, 0.013220
8.567118e-07, 0.012720
8.569118e-07, 0.011414
8.571117e-07, 0.009774
8.573117e-07, 0.009552
8.575118e-07, 0.010719
8.577118e-07, 0.010969
8.579118e-07, 0.012025
8.581118e-07, 0.012498
8.583118e-07, 0.011247
8.585117e-07, 0.010302
8.587117e-07, 0.008857
8.589118e-07, 0.008078
8.591118e-07, 0.008607
8.593118e-07, 0.008607
8.595118e-07, 0.007689
8.597118e-07, 0.006550
8.599117e-07, 0.007078
8.601117e-07, 0.006439
8.603118e-07, 0.007467
8.605118e-07, 0.007495
8.607118e-07, 0.007356
8.609118e-07, 0.004521
8.611118e-07, 0.004326
8.613117e-07, 0.005716
8.615117e-07, 0.008634
8.617118e-07, 0.010775
8.619118e-07, 0.011442
8.621118e-07, 0.010441
8.623118e-07, 0.009135
8.625118e-07, 0.008412
8.627117e-07, 0.005521
8.629117e-07, 0.008857
8.631117e-07, 0.013749
8.633118e-07, 0.016111
8.635118e-07, 0.017751
8.637118e-07, 0.019196
8.639118e-07, 0.020642
8.641117e-07, 0.019752
8.643117e-07, 0.018557
8.645117e-07, 0.020141
8.647118e-07, 0.020725
8.649118e-07, 0.018613
8.651118e-07, 0.016528
8.653118e-07, 0.017529
8.655117e-07, 0.017334
8.657117e-07, 0.018418
8.659117e-07, 0.019280
8.661118e-07, 0.020086
8.663118e-07, 0.018363
8.665118e-07, 0.019141
8.667118e-07, 0.019474
8.669118e-07, 0.017723
8.671117e-07, 0.019030
8.673117e-07, 0.020947
8.675118e-07, 0.020836
8.677118e-07, 0.024477
8.679118e-07, 0.024283
8.681118e-07, 0.024950
8.683118e-07, 0.025951
8.685117e-07, 0.026534
8.687117e-07, 0.027618
8.689118e-07, 0.028091
8.691118e-07, 0.028786
8.693118e-07, 0.028869
8.695118e-07, 0.028674
8.697118e-07, 0.030453
8.699117e-07, 0.030620
8.701117e-07, 0.031037
8.703118e-07, 0.031954
8.705118e-07, 0.031704
8.707118e-07, 0.029036
8.709118e-07, 0.028980
8.711118e-07, 0.028424
8.713117e-07, 0.029481
8.715117e-07, 0.029314
8.717118e-07, 0.029703
8.719118e-07, 0.031371
8.721118e-07, 0.029870
8.723118e-07, 0.029647
8.725118e-07, 0.029814
8.727117e-07, 0.029981
8.729117e-07, 0.029592
8.731118e-07, 0.028202
8.733118e-07, 0.028341
8.735118e-07, 0.027924
8.737118e-07, 0.030453
8.739118e-07, 0.030815
8.741117e-07, 0.029870
8.743117e-07, 0.028452
8.745118e-07, 0.028119
8.747118e-07, 0.026145
8.749118e-07, 0.025200
8.751118e-07, 0.024394
8.753118e-07, 0.022337
8.755117e-07, 0.023199
8.757117e-07, 0.025784
8.759118e-07, 0.027674
8.761118e-07, 0.028146
8.763118e-07, 0.026812
8.765118e-07, 0.024839
8.767118e-07, 0.020114
8.769117e-07, 0.016195
8.771117e-07, 0.016723
8.773118e-07, 0.018251
8.775118e-07, 0.019697
8.777118e-07, 0.022031
8.779118e-07, 0.026145
8.781118e-07, 0.030954
8.783117e-07, 0.031093
8.785117e-07, 0.026201
8.787118e-07, 0.025951
8.789118e-07, 0.024867
8.791118e-07, 0.023282
8.793118e-07, 0.021726
8.795118e-07, 0.020419
8.797117e-07, 0.021420
8.799117e-07, 0.023254
8.801118e-07, 0.023977
8.803118e-07, 0.023505
8.805118e-07, 0.022532
8.807118e-07, 0.020697
8.809118e-07, 0.018140
8.811117e-07, 0.017445
8.813117e-07, 0.017668
8.815118e-07, 0.017279
8.817118e-07, 0.019502
8.819118e-07, 0.020225
8.821118e-07, 0.021142
8.823118e-07, 0.019613
8.825117e-07, 0.018057
8.827117e-07, 0.016973
8.829118e-07, 0.016445
8.831118e-07, 0.016917
8.833118e-07, 0.017362
8.835118e-07, 0.017028
8.837118e-07, 0.017056
8.839117e-07, 0.016917
8.841117e-07, 0.016917
8.843118e-07, 0.016945
8.845118e-07, 0.015583
8.847118e-07, 0.015166
8.849118e-07, 0.015444
8.851118e-07, 0.016083
8.853117e-07, 0.014860
8.855117e-07, 0.013359
8.857118e-07, 0.013693
8.859118e-07, 0.015500
8.861118e-07, 0.015361
8.863118e-07, 0.015361
8.865118e-07, 0.013304
8.867117e-07, 0.012692
8.869117e-07, 0.010802
8.871118e-07, 0.009440
8.873118e-07, 0.009663
8.875118e-07, 0.009329
8.877118e-07, 0.009913
8.879118e-07, 0.010552
8.881117e-07, 0.011386
8.883117e-07, 0.011164
8.885118e-07, 0.010775
8.887118e-07, 0.008996
8.889118e-07, 0.007384
8.891118e-07, 0.006216
8.893118e-07, 0.008690
8.895117e-07, 0.009552
8.897117e-07, 0.008273
8.899118e-07, 0.008051
8.901118e-07, 0.007773
8.903118e-07, 0.008634
8.905118e-07, 0.008495
8.907118e-07, 0.007967
8.909117e-07, 0.005827
8.911117e-07, 0.002575
8.913118e-07, 0.003048
8.915118e-07, 0.005716
8.917118e-07, 0.010886
8.919118e-07, 0.011275
8.921118e-07, 0.010302
8.923117e-07, 0.009774
8.925117e-07, 0.007467
8.927117e-07, 0.006605
8.929118e-07, 0.008912
8.931118e-07, 0.013721
8.933118e-07, 0.017695
8.935118e-07, 0.017695
8.937117e-07, 0.017695
8.939117e-07, 0.019669
8.941117e-07, 0.019558
8.943118e-07, 0.017779
8.945118e-07, 0.018557
8.947118e-07, 0.019419
8.949118e-07, 0.016723
8.951118e-07, 0.015055
8.953117e-07, 0.017418
8.955117e-07, 0.017612
8.957118e-07, 0.018529
8.959118e-07, 0.019752
8.961118e-07, 0.020586
8.963118e-07, 0.019558
8.965118e-07, 0.019419
8.967117e-07, 0.019891
8.969117e-07, 0.017251
8.971118e-07, 0.018779
8.973118e-07, 0.020947
8.975118e-07, 0.021587
8.977118e-07, 0.024366
8.979118e-07, 0.026173
8.981117e-07, 0.025645
8.983117e-07, 0.025756
8.985118e-07, 0.027174
8.987118e-07, 0.028146
8.989118e-07, 0.028452
8.991118e-07, 0.028535
8.993118e-07, 0.030259
8.995117e-07, 0.029953
8.997117e-07, 0.030426
8.999118e-07, 0.031926
9.001118e-07, 0.030620
9.003118e-07, 0.030842
9.005118e-07, 0.030926
9.007118e-07, 0.029786
9.009117e-07, 0.029564
9.011117e-07, 0.028619
9.013118e-07, 0.028563
9.015118e-07, 0.027868
9.017118e-07, 0.029008
9.019118e-07, 0.029703
9.021118e-07, 0.030370
9.023117e-07, 0.029870
9.025117e-07, 0.028925
9.027118e-07, 0.028647
9.029118e-07, 0.027340
9.031118e-07, 0.025895
9.033118e-07, 0.026506
9.035118e-07, 0.027563
9.037117e-07, 0.027813
9.039117e-07, 0.027479
9.041118e-07, 0.026228
9.043118e-07, 0.025784
9.045118e-07, 0.027062
9.047118e-07, 0.027813
9.049118e-07, 0.027174
9.051117e-07, 0.024422
9.053117e-07, 0.023977
9.055118e-07, 0.022949
9.057118e-07, 0.024060
9.059118e-07, 0.025172
9.061118e-07, 0.026284
9.063118e-07, 0.025228
9.065117e-07, 0.024088
9.067117e-07, 0.021559
9.069118e-07, 0.018363
9.071118e-07, 0.016667
9.073118e-07, 0.016778
9.075118e-07, 0.018029
9.077118e-07, 0.021170
9.079117e-07, 0.024227
9.081117e-07, 0.029758
9.083118e-07, 0.032705
9.085118e-07, 0.027424
9.087118e-07, 0.023171
9.089118e-07, 0.024088
9.091118e-07, 0.023783
9.093117e-07, 0.021726
9.095117e-07, 0.020920
9.097118e-07, 0.020864
9.099118e-07, 0.022838
9.101118e-07, 0.023838
9.103118e-07, 0.022810
9.105118e-07, 0.022699
9.107117e-07, 0.019919
9.109117e-07, 0.018085
9.111118e-07, 0.018307
9.113118e-07, 0.018224
9.115118e-07, 0.016945
9.117118e-07, 0.019308
9.119118e-07, 0.021114
9.121117e-07, 0.021059
9.123117e-07, 0.019975
9.125118e-07, 0.016778
9.127118e-07, 0.016778
9.129118e-07, 0.016056
9.131118e-07, 0.016195
9.133118e-07, 0.017445
9.135117e-07, 0.016750
9.137117e-07, 0.016472
9.139118e-07, 0.016834
9.141118e-07, 0.017112
9.143118e-07, 0.015555
9.145118e-07, 0.014721
9.147118e-07, 0.013026
9.149117e-07, 0.013304
9.151117e-07, 0.012915
9.153118e-07, 0.012776
9.155118e-07, 0.013332
9.157118e-07, 0.014027
9.159118e-07, 0.014694
9.161118e-07, 0.014443
9.163117e-07, 0.015055
9.165117e-07, 0.014999
9.167118e-07, 0.012303
9.169118e-07, 0.011386
9.171118e-07, 0.010052
9.173118e-07, 0.010107
9.175118e-07, 0.009941
9.177117e-07, 0.010191
9.179117e-07, 0.010580
9.181118e-07, 0.011497
9.183118e-07, 0.011914
9.185118e-07, 0.009941
9.187118e-07, 0.008662
9.189118e-07, 0.006744
9.191117e-07, 0.007078
9.193117e-07, 0.007995
9.195118e-07, 0.008745
9.197118e-07, 0.007773
9.199118e-07, 0.007161
9.201118e-07, 0.006661
9.203118e-07, 0.007106
9.205117e-07, 0.007884
9.207117e-07, 0.007773
9.209118e-07, 0.006716
9.211118e-07, 0.003492
9.213118e-07, 0.002214
9.215118e-07, 0.006300
9.217118e-07, 0.009996
9.219117e-07, 0.011164
9.221117e-07, 0.009218
9.223118e-07, 0.007578
9.225118e-07, 0.007967
9.227118e-07, 0.004076
9.229118e-07, 0.004743
9.231118e-07, 0.011025
9.233118e-07, 0.014833
9.235117e-07, 0.015055
9.237117e-07, 0.017084
9.239118e-07, 0.019113
9.241118e-07, 0.019085
9.243118e-07, 0.017223
9.245118e-07, 0.017529
9.247118e-07, 0.018335
9.249117e-07, 0.018001
9.251117e-07, 0.016834
9.253118e-07, 0.016472
9.255118e-07, 0.018363
9.257118e-07, 0.018140
9.259118e-07, 0.018224
9.261118e-07, 0.018502
9.263117e-07, 0.019057
9.265117e-07, 0.019196
9.267118e-07, 0.018279
9.269118e-07, 0.018251
9.271118e-07, 0.018224
9.273118e-07, 0.019196
9.275118e-07, 0.021059
9.277117e-07, 0.022615
9.279117e-07, 0.024422
9.281118e-07, 0.024839
9.283118e-07, 0.024894
9.285118e-07, 0.026312
9.287118e-07, 0.027146
9.289118e-07, 0.026367
9.291117e-07, 0.026312
9.293117e-07, 0.027924
9.295118e-07, 0.028758
9.297118e-07, 0.030759
9.299118e-07, 0.029897
9.301118e-07, 0.029925
9.303118e-07, 0.030398
9.305118e-07, 0.030731
9.307118e-07, 0.029981
9.309118e-07, 0.028952
9.311117e-07, 0.027618
9.313117e-07, 0.027368
9.315117e-07, 0.027424
9.317117e-07, 0.029230
9.319117e-07, 0.029258
9.321117e-07, 0.029397
9.323118e-07, 0.029008
9.325118e-07, 0.028480
9.327118e-07, 0.027868
9.329118e-07, 0.026562
9.331118e-07, 0.026201
9.333118e-07, 0.026006
9.335118e-07, 0.027118
9.337118e-07, 0.028452
9.339117e-07, 0.028119
9.341117e-07, 0.028397
9.343117e-07, 0.028758
9.345117e-07, 0.027035
9.347117e-07, 0.027062
9.349117e-07, 0.024839
9.351118e-07, 0.023199
9.353118e-07, 0.023088
9.355118e-07, 0.022476
9.357118e-07, 0.024172
9.359118e-07, 0.024922
9.361118e-07, 0.026590
9.363118e-07, 0.026840
9.365118e-07, 0.025951
9.367117e-07, 0.023338
9.369117e-07, 0.018390
9.371117e-07, 0.015250
9.373117e-07, 0.016417
9.375117e-07, 0.018668
9.377117e-07, 0.022115
9.379118e-07, 0.023783
9.381118e-07, 0.028535
9.383118e-07, 0.033122
9.385118e-07, 0.028674
9.387118e-07, 0.024366
9.389118e-07, 0.023866
9.391118e-07, 0.022810
9.393118e-07, 0.021642
9.395118e-07, 0.019502
9.397117e-07, 0.020225
9.399117e-07, 0.022115
9.401117e-07, 0.022643
9.403117e-07, 0.023143
9.405117e-07, 0.021559
9.407118e-07, 0.019502
9.409118e-07, 0.018057
9.411118e-07, 0.018446
9.413118e-07, 0.017807
9.415118e-07, 0.017140
9.417118e-07, 0.018112
9.419118e-07, 0.020169
9.421118e-07, 0.020336
9.423118e-07, 0.019530
9.425117e-07, 0.017695
9.427117e-07, 0.016834
9.429117e-07, 0.016611
9.431117e-07, 0.015194
9.433117e-07, 0.016111
9.435118e-07, 0.015750
9.437118e-07, 0.016111
9.439118e-07, 0.017418
9.441118e-07, 0.016361
9.443118e-07, 0.014666
9.445118e-07, 0.014527
9.447118e-07, 0.014027
9.449118e-07, 0.012970
9.451118e-07, 0.012164
9.453117e-07, 0.012248
9.455117e-07, 0.012831
9.457117e-07, 0.012387
9.459117e-07, 0.014082
9.461117e-07, 0.013943
9.463118e-07, 0.012998
9.465118e-07, 0.013220
9.467118e-07, 0.012637
9.469118e-07, 0.011803
9.471118e-07, 0.009691
9.473118e-07, 0.008773
9.475118e-07, 0.009274
9.477118e-07, 0.010580
9.479118e-07, 0.010219
9.481117e-07, 0.010580
9.483117e-07, 0.010663
9.485117e-07, 0.009135
9.487117e-07, 0.008301
9.489117e-07, 0.008134
9.491118e-07, 0.007995
9.493118e-07, 0.007800
9.495118e-07, 0.009329
9.497118e-07, 0.007272
9.499118e-07, 0.005994
9.501118e-07, 0.006300
9.503118e-07, 0.007745
9.505118e-07, 0.006883
9.507118e-07, 0.006300
9.509117e-07, 0.006300
9.511117e-07, 0.004854
9.513117e-07, 0.003270
9.515117e-07, 0.004854
9.517117e-07, 0.009440
9.519118e-07, 0.011358
9.521118e-07, 0.009885
9.523118e-07, 0.008634
9.525118e-07, 0.009162
9.527118e-07, 0.004771
9.529118e-07, 0.004298
9.531118e-07, 0.009468
9.533118e-07, 0.013026
9.535118e-07, 0.014499
9.537117e-07, 0.016723
9.539117e-07, 0.017834
9.541117e-07, 0.019196
9.543117e-07, 0.017751
9.545117e-07, 0.019057
9.547117e-07, 0.020419
9.549118e-07, 0.019030
9.551118e-07, 0.015222
9.553118e-07, 0.015416
9.555118e-07, 0.016750
9.557118e-07, 0.017418
9.559118e-07, 0.018529
9.561118e-07, 0.019196
9.563118e-07, 0.019752
9.565117e-07, 0.019530
9.567117e-07, 0.019558
9.569117e-07, 0.019002
9.571117e-07, 0.019030
9.573117e-07, 0.020670
9.575117e-07, 0.020975
9.577118e-07, 0.022059
9.579118e-07, 0.024589
9.581118e-07, 0.025256
9.583118e-07, 0.025228
9.585118e-07, 0.026618
9.587118e-07, 0.025923
9.589118e-07, 0.027174
9.591118e-07, 0.028758
9.593117e-07, 0.028508
9.595117e-07, 0.029870
9.597117e-07, 0.030620
9.599117e-07, 0.032399
9.601117e-07, 0.033066
9.603117e-07, 0.032760
9.605118e-07, 0.033010
9.607118e-07, 0.031704
9.609118e-07, 0.030703
9.611118e-07, 0.029147
9.613118e-07, 0.028563
9.615118e-07, 0.027563
9.617118e-07, 0.029397
9.619118e-07, 0.030981
9.621117e-07, 0.030759
9.623117e-07, 0.030592
9.625117e-07, 0.028591
9.627117e-07, 0.028897
9.629117e-07, 0.027535
9.631117e-07, 0.026534
9.633118e-07, 0.026951
9.635118e-07, 0.027090
9.637118e-07, 0.026757
9.639118e-07, 0.027729
9.641118e-07, 0.028174
9.643118e-07, 0.027674
9.645118e-07, 0.026173
9.647118e-07, 0.025784
9.649117e-07, 0.025589
9.651117e-07, 0.025006
9.653117e-07, 0.023727
9.655117e-07, 0.023671
9.657117e-07, 0.024116
9.659117e-07, 0.024505
9.661118e-07, 0.027841
9.663118e-07, 0.027424
9.665118e-07, 0.025784
9.667118e-07, 0.024366
9.669118e-07, 0.019057
9.671118e-07, 0.016167
9.673118e-07, 0.017195
9.675118e-07, 0.018418
9.677118e-07, 0.020447
9.679117e-07, 0.023254
9.681117e-07, 0.026479
9.683117e-07, 0.031426
9.685117e-07, 0.028285
9.687117e-07, 0.024116
9.689118e-07, 0.023810
9.691118e-07, 0.021892
9.693118e-07, 0.020947
9.695118e-07, 0.019169
9.697118e-07, 0.019641
9.699118e-07, 0.021809
9.701118e-07, 0.022671
9.703118e-07, 0.022143
9.705118e-07, 0.022421
9.707117e-07, 0.020975
9.709117e-07, 0.018224
9.711117e-07, 0.017056
9.713117e-07, 0.016306
9.715117e-07, 0.016361
9.717118e-07, 0.017834
9.719118e-07, 0.020002
9.721118e-07, 0.021225
9.723118e-07, 0.021253
9.725118e-07, 0.018557
9.727118e-07, 0.016250
9.729118e-07, 0.017251
9.731118e-07, 0.017668
9.733118e-07, 0.017362
9.735117e-07, 0.017251
9.737117e-07, 0.015722
9.739117e-07, 0.016639
9.741117e-07, 0.017612
9.743117e-07, 0.016973
9.745118e-07, 0.015833
9.747118e-07, 0.014860
9.749118e-07, 0.014304
9.751118e-07, 0.012998
9.753118e-07, 0.012442
9.755118e-07, 0.012665
9.757118e-07, 0.012442
9.759118e-07, 0.013304
9.761118e-07, 0.014499
9.763117e-07, 0.014666
9.765117e-07, 0.013415
9.767117e-07, 0.013582
9.769117e-07, 0.011469
